9
0.110041
423.15
9
0.001237142263333	0.055601653929621
0.002465106863333	0.060637775192671
0.004910957593333	0.065794002920504
0.009859767	0.071375916738604
0.019695478586667	0.0773950178449
0.04039799204	0.084565201697936
0.06069097924	0.089068260802348
0.079411836956667	0.092224255614542
0.097647658556667	0.094836843617492
448.15
9
0.00124447843	0.047483518393204
0.002469615203333	0.052758398636406
0.00492665889	0.058128128239078
0.009874602693333	0.063825599337649
0.01978951882	0.069851397873173
0.040425313313333	0.076385194988488
0.060691271413333	0.08062001247816
0.079438787043333	0.083480681455733
0.09708552519	0.085651427518665
473.15
9
0.00126325108	0.038213282625064
0.002515658836667	0.044066574822393
0.004978966406667	0.049793053790879
0.009905219386667	0.055572775971194
0.019852057246667	0.061649613763285
0.04048228874	0.068004677423061
0.060766355933333	0.072089993855784
0.07936177164	0.074714625860438
0.097030894116667	0.07680790753248
498.15
9
0.001240616623333	0.026495445681434
0.00248674539	0.032694466615626
0.004980352406667	0.039213098057106
0.009941734106667	0.045802729949132
0.019784272246667	0.052488642791888
0.04031253603	0.059497512889152
0.06050179613	0.063492029778881
0.07894273617	0.066030575942332
0.096349971143333	0.067951190115386
523.15
9
0.00122924871	0.017114641469749
0.00244797852	0.022016797855818
0.004890490166667	0.027950153077447
0.009783587573333	0.034849361494611
0.019498890576667	0.0423771671544
0.03983187004	0.050540868215094
0.060089114316667	0.05560752984656
0.07867577862	0.058659884384336
0.096377732573333	0.06100436115274
548.15
9
0.001217039176667	0.01091807630863
0.00241846982	0.014578808268643
0.004813994313333	0.019114634469172
0.009607332923333	0.024821183648058
0.019126569993333	0.031841210526314
0.03916187301	0.040412024798152
0.05912357368	0.045711542987223
0.077706462916667	0.049211845197444
0.095511796303333	0.05189475359682
573.15
9
0.001188378256667	0.006963233411766
0.002370438293333	0.009798192645185
0.004732822656667	0.013356991861872
0.00943089985	0.017776555277353
0.018770976996667	0.023391128190063
0.038410966483333	0.03080343536023
0.058152836133333	0.03591903647903
0.076537444156667	0.03953788320815
0.093866568613333	0.042203585199752
598.15
9
0.001148789273333	0.004436636777224
0.002300896556667	0.00654774767753
0.00462289702	0.009331707833948
0.00929126642	0.012955902489124
0.018588135616667	0.017499730965847
0.038155450953333	0.023566181041847
0.05759882836	0.027894270236081
0.075930492906667	0.031218238371094
0.09347692872	0.033846350845894
623.15
9
0.001064597416667	0.002746871792125
0.002209914856667	0.004384561582108
0.004547313566667	0.006638622359716
0.009278193466667	0.009610951243948
0.018665327566667	0.013378950087446
0.03838492122	0.018407140853607
0.0579148679	0.02196533418526
0.07618122737	0.024567675864894
0.093809851196667	0.026669547561578
