9
0.121178
423.15
9
0.00125655099	0.063643678115372
0.002486478306667	0.068921093467623
0.004971498126667	0.074507687055915
0.009952205566667	0.080534979832666
0.019899654803333	0.087253315769973
0.040697444636667	0.094927792796834
0.061094299156667	0.099827368074172
0.079825945163333	0.103197254220485
0.097528696266667	0.105805558419948
448.15
9
0.001280814766667	0.056591732169669
0.002496217036667	0.061909305360981
0.00497608108	0.067547726341382
0.009965011323333	0.073393198851759
0.019922766223333	0.079665490723136
0.040679623436667	0.086710301569634
0.061135439883333	0.091338537626153
0.07977075655	0.094404677824299
0.09734909217	0.09698258025733
473.15
9
0.00129787895	0.047652154911174
0.002516293683333	0.053566236794922
0.00501077012	0.059921162914047
0.00997733673	0.06597186571036
0.019838783303333	0.072047734397642
0.040490038273333	0.078550899549662
0.060768397363333	0.082630426068503
0.079383151123333	0.085383952033545
0.096755229236667	0.087331573924212
498.15
9
0.001262381073333	0.03515467526748
0.0025006438	0.042122574635805
0.004988802666667	0.049434756670337
0.01003178729	0.056929942689131
0.019959922903333	0.064036538363063
0.040810420723333	0.071380111961282
0.061062268506667	0.075525407616099
0.07948077546	0.078204685563411
0.097163355546667	0.080209891523342
523.15
9
0.001261410216667	0.023695549251778
0.00247599415	0.029673473677153
0.004938410046667	0.037054751437959
0.009835890696667	0.045131989723965
0.019666845923333	0.053720556881198
0.04026931563	0.06249317641428
0.06060020458	0.06772693060072
0.07914834043	0.070851441725352
0.096867360696667	0.073075768315586
548.15
9
0.001233129403333	0.01566997123584
0.00242753039	0.020398129627872
0.00480510667	0.026200664808226
0.00956358391	0.033478176994229
0.019021179553333	0.042101785372967
0.039125327266667	0.052017795996718
0.059320062143333	0.058004659272704
0.078098996923333	0.061814293368162
0.095859670846667	0.064454597020659
573.15
9
0.00119242682	0.010360950204112
0.002342220246667	0.014053942368943
0.00466495269	0.018770372815138
0.00935189817	0.024652397960949
0.018666202143333	0.031909675603326
0.038398549046667	0.041048041516933
0.058392797053333	0.047181984346245
0.07684511199	0.05118706882182
0.09457003868	0.054145153613253
598.15
9
0.00113308017	0.006630841768111
0.002282599446667	0.009710968714617
0.004617276086667	0.013686013803672
0.00929762816	0.018574650572438
0.018634512003333	0.024623473059852
0.03837708672	0.03249790029426
0.058179783213333	0.0380732454549
0.076615113593333	0.041923164309854
0.093875986456667	0.044704522992799
623.15
9
0.001056374376667	0.004164392904836
0.002218025536667	0.006641403569052
0.00455845585	0.009862528782167
0.009250046586667	0.013995761321957
0.01864006711	0.019178304210735
0.03848118991	0.025886288204774
0.058153130846667	0.030587284843817
0.07645275184	0.034010467917483
0.09407135528	0.036695947508101
