9
0
423.15
9
0.0012641664	0.060033713888275
0.002484014416667	0.065109374191459
0.00494208244	0.070524044714907
0.009904642806667	0.076384361329427
0.019769491576667	0.082825146531328
0.04048895771	0.090521861647087
0.060799047506667	0.095216175982864
0.079612770403333	0.098330098852271
0.097218997886667	0.100861801316263
448.15
9
0.001262439353333	0.051827525982341
0.00249035595	0.057315327535598
0.004948877146667	0.062942966022498
0.00992956675	0.06894094428253
0.01984625889	0.075204423983606
0.040515971083333	0.08237133456124
0.06080161992	0.086797068048388
0.07962834073	0.08989561363381
0.097360856386667	0.092165338454734
473.15
9
0.001266580573333	0.042123903702776
0.00249781385	0.048262257409677
0.004972947276667	0.054475087960754
0.009923763276667	0.060613820944117
0.019762695033333	0.066862408344702
0.04033957331	0.073719127377213
0.060824251403333	0.07797767576217
0.079339325293333	0.080604739068378
0.097215329623333	0.082810914138672
498.15
9
0.0012705064	0.029661098764828
0.002498720713333	0.036189869345818
0.004994869883333	0.043319002783505
0.00996664056	0.050415827622419
0.01987193042	0.05755208637599
0.040537616583333	0.06494603504884
0.06083046148	0.069489191344728
0.07933855206	0.072195884386355
0.096934600956667	0.074275029377155
523.15
9
0.001252545686667	0.018924479199139
0.00246273544	0.024291320928333
0.00491066283	0.030944803251086
0.009787749923333	0.038476191699625
0.01952983512	0.046776271068179
0.039963665976667	0.055502119690778
0.060147824706667	0.060894718062922
0.078873925203333	0.064199653576801
0.09636883571	0.066435385189496
548.15
9
0.001218545526667	0.012048308754066
0.002416773316667	0.016115415544137
0.004811814813333	0.021121779742791
0.00955953857	0.027393049747557
0.0190101161	0.035180608065998
0.03893698275	0.044505523406501
0.058874501003333	0.050324526256047
0.077484812486667	0.054197005588562
0.095142451136667	0.056845409753355
573.15
9
0.00119303287	0.007656666913702
0.002366886196667	0.010757599535473
0.004714650666667	0.014665414284782
0.009421202046667	0.019615830276564
0.018678769973333	0.025860085130505
0.03829574113	0.03429230950105
0.057920660746667	0.04012934096138
0.076286404766667	0.044295970009786
0.093947718193333	0.047346994853284
598.15
9
0.00114907143	0.004880493617686
0.00229227977	0.0071774286015
0.004603870756667	0.010306193389115
0.00929048973	0.014368313645603
0.0185564622	0.019347315134919
0.03814358544	0.026123257588439
0.05766051178	0.030947938021741
0.075828700046667	0.034524002694637
0.093154055996667	0.037335323021684
623.15
9
0.001076520353333	0.003065875500851
0.00222331745	0.004843670521477
0.004537744186667	0.007240580687892
0.009262983766667	0.010536530621542
0.018553255823333	0.014678739680866
0.03820122445	0.02043266865094
0.057705126206667	0.024540245744301
0.075910955426667	0.027728725439582
0.09338223098	0.030295377429557
