9
0
423.15
9
0.001248393646667	0.062448680958249
0.00247475116	0.067732730989644
0.00492896047	0.073221402519508
0.009872128096667	0.079249779558924
0.019714270956667	0.085893479508736
0.040275206853333	0.093536328632879
0.06063178326	0.098523158791475
0.079219953006667	0.101840141217329
0.096851549623333	0.10438998398418
448.15
9
0.001258414396667	0.054446648367367
0.002475021926667	0.05992277905708
0.004939545523333	0.065563004408869
0.009913457363333	0.071481135257465
0.01978925493	0.07778537606596
0.040464775906667	0.084890762099414
0.060792696933333	0.089624247334456
0.079451974536667	0.092824106731511
0.097130254693333	0.095221578346129
473.15
9
0.001286217343333	0.045183045466002
0.00252211583	0.051296965950843
0.00497610005	0.057428046554911
0.00991271359	0.063553262054654
0.01972712396	0.069743778812427
0.04038238088	0.076538988821327
0.060503392493333	0.080767727202585
0.079139989566667	0.08362884834905
0.09705238867	0.08582237230053
498.15
9
0.001266815806667	0.032293911589897
0.002496880246667	0.039204599443575
0.004961282423333	0.046413887595042
0.00998528784	0.053860863015446
0.01978356702	0.060772670927899
0.04045019429	0.068356381488944
0.06057856564	0.072632318490266
0.079085848	0.075361105689089
0.096649768423333	0.077348592883159
523.15
9
0.001258366856667	0.020965542007985
0.00247051667	0.026803842419137
0.00488751415	0.033831245719849
0.009763228423333	0.041852430761958
0.019488648203333	0.050375017896129
0.039950871226667	0.059352915320688
0.060148163483333	0.064910429630501
0.078939667093333	0.068464361115274
0.09668761554	0.070997491694557
548.15
9
0.00123533863	0.013387057377756
0.002429508853333	0.01770582370174
0.00480804815	0.023107795486371
0.009492354633333	0.029856842066507
0.019011006173333	0.038531225490541
0.038955067146667	0.048146588945077
0.058792591723333	0.054248109127482
0.07756159104	0.058308232109901
0.095128786793333	0.060902245146991
573.15
9
0.00119649586	0.008570738411447
0.002366031026667	0.011966342825201
0.00469551302	0.01619967831017
0.009371306133333	0.021569218620713
0.018680676993333	0.028318919978137
0.038248173283333	0.037147793062554
0.05797236799	0.043309014324471
0.076350760316667	0.04742290277455
0.09388898159	0.050375787389785
598.15
9
0.001140491696667	0.005454631685987
0.002295198123333	0.008098369696631
0.004607208193333	0.011500299564776
0.00927286899	0.01588618141468
0.01854646162	0.021377960229239
0.03807346029	0.028696952777091
0.057555569463333	0.034015015957261
0.07579508226	0.037770137023595
0.093051322706667	0.040595901865766
623.15
9
0.001065969523333	0.003434192406238
0.002209679743333	0.005486254343232
0.004532186066667	0.008237394045154
0.00920888337	0.011887392316103
0.018612209443333	0.01664706863882
0.038200821646667	0.022809318116604
0.057792805603333	0.027374129186666
0.075917467663333	0.03064582194872
0.093206208363333	0.033308022170064
