9
0
423.15
9
0.001271108	0.0657930450.0025021	0.0707804790.004993272	0.07619380.009981143	0.0820979490.020010087	0.0888137750.040995664	0.0965321850.061435173	0.101476750.080256277	0.1049063070.09811135	0.107512185
448.15
9
0.001294687	0.0600706980.002524356	0.0649510370.004986808	0.0700464260.009989629	0.0755957220.019981903	0.0816200550.040920242	0.0885832470.061379142	0.0929773830.080165466	0.0960985370.098093351	0.098505504
473.15
9
0.001305319	0.0525577810.002547244	0.0581838950.005008166	0.0638478690.009972083	0.0695549710.019889036	0.0752569010.040455584	0.0814221830.061012989	0.0855106330.078977708	0.0879907520.097855083	0.091150355
498.15
9
0.001284866	0.0428735780.002512082	0.0490752390.004992759	0.0556433310.01003451	0.0624004440.020013758	0.0688835680.040736548	0.0755753110.060933192	0.0794397760.079824006	0.081861110.097481746	0.083140392
523.15
9
0.001254305	0.0333616940.002484828	0.0396680760.004861825	0.0462120220.009728288	0.0536564820.019502524	0.0615254280.040147692	0.0699021610.060327667	0.0745730960.079093201	0.0775324910.097124943	0.079568983
548.15
9
0.001221209	0.025537310.002373399	0.0309014970.004664779	0.0370964410.009341846	0.0444112090.018709782	0.0523354410.038586807	0.0612247290.05878748	0.0668623060.077148624	0.0702100850.094804422	0.072700385
573.15
9
0.001144146	0.0189412970.002259002	0.0242017460.004510148	0.0300044210.009034005	0.0363867520.01816359	0.0436469760.037659386	0.0521806060.057527647	0.0575606920.0761288	0.0611696120.093508981	0.063620988
598.15
9
0.001049874	0.0128615290.002156378	0.0181826360.004409851	0.0239656680.008980703	0.0300444120.018145619	0.0365371140.037528155	0.0442144250.057136931	0.0492343510.075497129	0.0527452740.093022518	0.055336751
623.15
9
0.000895022	0.0076341330.001997322	0.0126749750.004268869	0.0185145640.008902647	0.0247084510.018167576	0.0310338090.037657778	0.0379325830.057316119	0.0424906210.075531974	0.0455503910.093078877	0.047993257