3
0
273.15
10
1.057082	0.491400
9.936575	4.579853
19.767442	7.488943
29.915433	9.454545
39.852008	10.889435
50.000000	12.029484
59.830867	12.914005
69.978858	13.660934
90.169133	14.859951
100.000000	15.331695
283.15
10
1.057082	0.373464
9.936575	3.714988
19.767442	6.250614
30.021142	8.078624
39.852008	9.434889
49.788584	10.535627
59.936575	11.439803
69.767442	12.186732
89.746300	13.385749
99.682875	13.896806
298.15
10
0.422833	0.039312
9.830867	1.631450
19.873150	3.636364
29.809725	5.228501
39.852008	6.486486
49.788584	7.528256
59.830867	8.393120
69.873150	9.159705
89.852008	10.417690
99.788584	10.928747
