WinRates
Decks	8 Rack	8 Whack	Abzan	Ad Nauseam	Affinity	Amulet Titan	Bant Company	Bant Turbofog	Blue Tron	Blue Valakut	Bogles	Bridgevine	Burn	Cheerios	Death and Taxes	Devoted Vizier	Devotion to Black	Devotion to Green	Devotion to White	Dragonstorm	Dredge	Eldrazi	Eldrazi and Taxes	Electro End	Elves	Enchantress	Esper Control	Esper Vengeance	Faeries	Goblins	Grishoalbrand	Grixis Control	Hardened Scales	Hollow One	Humans	Infect	Izzet Phoenix	Jeskai Ascendancy	Jeskai Control	Jund	Kiki	Landfall Aggro	Lantern Control	Living End	Mardu Pyromancer	Martyr of Sands	Merfolk	Mill	Mono-Green Stompy	Nonblue Electro End	Polymorph Tokens	Ponza	R/G Valakut	Red Phoenix	Red Prison	Rock	Scrap Trawler	Shadow	Shadow Zoo	Slivers	Soulflayer	Spirits	Storm	Sultai Midrange	Sultai Reclamation	Tron	Turns	U/R Other	U/R Wizards	Valuetown	W/B Tokens	W/U Control	W/U Mentor	W/U/R Other	Whir Prison	Zombies	Zoo	Unknown
8 Rack	0.5	0.5	0.5	0.5	0.5	0.5	0.5	0.5	0.5	0.5	0.5	0.5	0.6	0.5	0.5	0.5	0.5	0.5	0.5	0.5	0.5	0.5	0.5	0.5	0.5	0.5	0.5	0.5	0.5	0.5	0.5	0.5	0.5	0.5	0.5	0.5	0.5	0.5	0.5	0.5	0.5	0.5	0.5	0.5	0.5	0.5	0.5	0.5	0.5	0.5	0.5	0.5	0.5	0.5	0.5	0.5	0.5	0.6666666666666666	0.5	0.5	0.5	0.5	0.5	0.5	0.5	0.5	0.5	0.5	0.5	0.5	0.5	0.5	0.5	0.5	0.5	0.5	0.5	0.5
8 Whack	0.5	0.5	0.5	0.5	0.5	0.5	0.5	0.5	0.5	0.5	0.5	0.5	0.5	0.5	0.5	0.5	0.5	0.5	0.5	0.5	0.5	0.5	0.5	0.5	0.5	0.5	0.5	0.5	0.5	0.5	0.5	0.5	0.5	0.5	0.3333333333333333	0.5	0.5	0.5	0.5	0.5	0.5	0.5	0.5	0.5	0.5	0.5	0.5	0.5	0.5	0.5	0.5	0.5	0.5	0.5	0.5	0.5	0.5	0.5	0.5	0.5	0.5	0.5	0.5	0.5	0.5	0.75	0.5	0.5	0.5	0.5	0.5	0.5	0.5	0.5	0.5	0.5	0.5	0.5
Abzan	0.5	0.5	0.5	0.5	0.25	0.5	0.5	0.5	0.5	0.5	0.5	0.5	0.3333333333333333	0.5	0.5	0.5	0.5	0.5	0.5	0.5	0.3333333333333333	0.5	0.5	0.5	0.5	0.5	0.5	0.5	0.5	0.5	0.5	0.5	0.8	0.5	0.8	0.5	0.45454545454545453	0.5	0.5	0.5	0.5	0.5	0.5	0.5	0.5	0.5	0.5	0.5	0.5	0.5	0.5	0.5	0.25	0.5	0.5	0.4	0.5	0.5	0.5	0.5	0.5	0.5	0.5	0.5	0.5	0.5	0.5	0.5	0.5	0.5	0.5	0.5	0.5	0.5	0.5	0.5	0.5	0.5
Ad Nauseam	0.5	0.5	0.5	0.5	0.7142857142857143	0.5	0.5	0.5	0.5	0.6666666666666666	0.6666666666666666	0.5	0.8461538461538461	0.5	0.5	0.5	0.5	0.5	0.5	0.5	0.875	0.5	0.5	0.5	0.8	0.5	0.5	0.5	0.5	0.5	0.5	0.5	0.8125	0.5	0.14285714285714285	0.5	0.46153846153846156	0.5	0.5	0.5	0.5	0.6666666666666666	0.5	0.75	0.5	0.5	0.5	0.25	0.5	0.5	0.5	0.5	0.5	0.75	0.3333333333333333	0.3	0.5	0.2727272727272727	0.5	0.5	0.5	0.5714285714285714	0.3333333333333333	0.5	0.5	0.6428571428571429	0.5	0.3333333333333333	0.5	0.5	0.5	0.6666666666666666	0.5	0.5	0.5	0.5	0.5	0.5
Affinity	0.5	0.5	0.75	0.2857142857142857	0.5	0.6	0.5	0.5	0.5	0.5	0.25	0.5	0.5111111111111111	0.5	0.5	0.25925925925925924	0.5	0.5	0.5	0.5	0.2777777777777778	0.5	0.75	0.5	0.5	0.5	0.5	0.5	0.5	0.5	0.5	0.3333333333333333	0.3333333333333333	0.8095238095238095	0.5280898876404494	0.5263157894736842	0.45121951219512196	0.5	0.47619047619047616	0.5555555555555556	0.75	0.5	0.75	0.5	0.5	0.5	0.5	0.85	0.5	0.5	0.5	0.5	0.5652173913043478	0.6666666666666666	0.6	0.76	0.5	0.5172413793103449	0.3333333333333333	0.5	0.5	0.6956521739130435	0.5555555555555556	0.5	0.5	0.3880597014925373	0.5	0.4	0.5	0.5	0.5	0.2777777777777778	0.5	0.5	0.4666666666666667	0.5	0.25	0.5
Amulet Titan	0.5	0.5	0.5	0.5	0.4	0.5	0.5	0.5	0.5	0.5	0.5	0.5	0.7142857142857143	0.5	0.5	0.25	0.5	0.5	0.5	0.5	0.75	0.5	0.5	0.5	0.5	0.5	0.5	0.5	0.5	0.5	0.5	0.5	0.5	0.6666666666666666	0.3333333333333333	0.5	0.4444444444444444	0.5	0.75	0.6666666666666666	0.5	0.5	0.5	0.5	0.5	0.5	0.5	0.5	0.5	0.5	0.5	0.5	0.25	0.75	0.5	0.36363636363636365	0.5	0.35714285714285715	0.25	0.5	0.5	0.16666666666666666	0.5	0.5	0.5	0.3125	0.5	0.5	0.5	0.5	0.5	0.5	0.5	0.5	0.5	0.5	0.5	0.5
Bant Company	0.5	0.5	0.5	0.5	0.5	0.5	0.5	0.5	0.5	0.5	0.5	0.5	0.5	0.5	0.5	0.5	0.5	0.5	0.5	0.5	0.5	0.5	0.5	0.5	0.5	0.5	0.5	0.5	0.5	0.5	0.5	0.5	0.5	0.5	0.5	0.5	0.25	0.5	0.5	0.5	0.5	0.5	0.5	0.5	0.5	0.5	0.5	0.5	0.5	0.5	0.5	0.5	0.5	0.5	0.5	0.5	0.5	0.5	0.5	0.5	0.5	0.5	0.5	0.5	0.5	0.5	0.5	0.5	0.5	0.5	0.5	0.25	0.5	0.5	0.5	0.5	0.5	0.5
Bant Turbofog	0.5	0.5	0.5	0.5	0.5	0.5	0.5	0.5	0.5	0.5	0.5	0.5	0.5	0.5	0.5	0.5	0.5	0.5	0.5	0.5	0.5	0.5	0.5	0.5	0.5	0.5	0.5	0.5	0.5	0.5	0.5	0.5	0.5	0.5	0.5	0.5	0.5	0.5	0.5	0.5	0.5	0.5	0.5	0.5	0.5	0.5	0.5	0.5	0.5	0.5	0.5	0.5	0.5	0.5	0.5	0.5	0.5	0.5	0.5	0.5	0.5	0.5	0.5	0.5	0.5	0.5	0.5	0.5	0.5	0.5	0.5	0.5	0.5	0.5	0.5	0.5	0.5	0.5
Blue Tron	0.5	0.5	0.5	0.5	0.5	0.5	0.5	0.5	0.5	0.5	0.5	0.5	0.3333333333333333	0.5	0.5	0.5	0.5	0.5	0.5	0.5	0.375	0.5	0.5	0.5	0.5	0.5	0.5	0.5	0.5	0.5	0.5	0.5	0.5	0.5	0.5	0.25	0.8	0.5	0.2	0.5	0.5	0.5	0.5	0.5	0.5	0.5	0.5	0.5	0.5	0.5	0.5	0.5	0.25	0.5	0.5	0.6666666666666666	0.5	0.6666666666666666	0.5	0.5	0.5	0.5	0.5	0.5	0.5	0.25	0.5	0.5	0.5	0.5	0.5	0.5	0.5	0.5	0.5	0.5	0.5	0.5
Blue Valakut	0.5	0.5	0.5	0.3333333333333333	0.5	0.5	0.5	0.5	0.5	0.5	0.5	0.5	0.3333333333333333	0.5	0.5	0.5	0.5	0.5	0.5	0.5	0.5	0.5	0.5	0.5	0.5	0.5	0.5	0.5	0.5	0.5	0.5	0.5	0.75	0.5	0.5	0.5	0.5	0.5	0.5	0.5	0.5	0.5	0.5	0.5	0.5	0.5	0.5	0.5	0.5	0.5	0.5	0.5	0.5	0.5	0.5	0.5	0.5	0.15	0.5	0.5	0.5	0.5	0.5	0.5	0.5	0.3333333333333333	0.5	0.5	0.5	0.5	0.5	0.5	0.5	0.5	0.5	0.5	0.5	0.5
Bogles	0.5	0.5	0.5	0.3333333333333333	0.75	0.5	0.5	0.5	0.5	0.5	0.5	0.5	0.7777777777777778	0.5	0.5	0.2	0.5	0.5	0.5	0.5	0.8	0.5	0.5	0.5	0.5	0.5	0.5	0.5	0.5	0.5	0.5	0.5	0.6	0.5	0.3333333333333333	0.5	0.3076923076923077	0.5	0.5	0.75	0.5	0.5	0.5	0.5	0.5	0.5	0.3333333333333333	0.5	0.5	0.5	0.5	0.5	0.6	0.5	0.5	0.4444444444444444	0.5	0.6153846153846154	0.5	0.5	0.5	0.4166666666666667	0.5	0.5	0.5	0.75	0.5	0.5	0.5	0.5	0.5	0.6	0.5	0.5	0.25	0.5	0.5	0.5
Bridgevine	0.5	0.5	0.5	0.5	0.5	0.5	0.5	0.5	0.5	0.5	0.5	0.5	0.3333333333333333	0.5	0.5	0.5	0.5	0.5	0.5	0.5	0.5	0.5	0.5	0.5	0.5	0.5	0.5	0.5	0.5	0.5	0.5	0.5	0.5	0.5	0.5	0.5	0.5	0.5	0.5	0.5	0.5	0.5	0.5	0.5	0.5	0.5	0.5	0.5	0.5	0.5	0.5	0.5	0.5	0.5	0.5	0.25	0.5	0.5	0.5	0.5	0.5	0.5	0.5	0.5	0.5	0.5	0.5	0.5	0.5	0.5	0.5	0.5	0.5	0.5	0.5	0.5	0.5	0.5
Burn	0.4	0.5	0.6666666666666666	0.15384615384615385	0.4888888888888889	0.2857142857142857	0.5	0.5	0.6666666666666666	0.6666666666666666	0.2222222222222222	0.6666666666666666	0.5	0.75	0.25	0.38636363636363635	0.5	0.5	0.5	0.5	0.36363636363636365	0.5833333333333334	0.1111111111111111	0.3333333333333333	0.8333333333333334	0.5	0.5	0.5	0.5	0.6666666666666666	0.5	0.5	0.375	0.47368421052631576	0.40476190476190477	0.6792452830188679	0.4485294117647059	0.5	0.6	0.44086021505376344	0.6666666666666666	0.25	0.25	0.75	0.6666666666666666	0.5	0.75	0.85	0.5	0.85	0.5	0.5	0.4262295081967213	0.5	0.6	0.4696969696969697	0.5	0.4634146341463415	0.6666666666666666	0.5	0.5	0.4935064935064935	0.7735849056603774	0.5	0.5	0.54421768707483	0.5	0.16666666666666666	0.5	0.5	0.5	0.4444444444444444	0.5	0.5	0.2608695652173913	0.5	0.5	0.6666666666666666
Cheerios	0.5	0.5	0.5	0.5	0.5	0.5	0.5	0.5	0.5	0.5	0.5	0.5	0.25	0.5	0.5	0.5	0.5	0.5	0.5	0.5	0.5	0.5	0.5	0.5	0.5	0.5	0.5	0.5	0.5	0.5	0.5	0.5	0.5	0.5	0.5	0.5	0.75	0.5	0.5	0.5	0.5	0.5	0.5	0.5	0.5	0.5	0.5	0.5	0.5	0.5	0.5	0.5	0.75	0.5	0.5	0.5	0.5	0.5	0.5	0.5	0.5	0.5	0.5	0.5	0.5	0.5	0.5	0.5	0.5	0.5	0.5	0.5	0.5	0.5	0.5	0.5	0.5	0.5
Death and Taxes	0.5	0.5	0.5	0.5	0.5	0.5	0.5	0.5	0.5	0.5	0.5	0.5	0.75	0.5	0.5	0.75	0.5	0.5	0.5	0.5	0.5	0.5	0.5	0.5	0.5	0.5	0.5	0.5	0.5	0.5	0.5	0.5	0.5	0.5	0.25	0.5	0.3	0.5	0.5	0.5	0.5	0.5	0.5	0.5	0.5	0.5	0.5	0.5	0.5	0.5	0.5	0.5	0.6666666666666666	0.5	0.5	0.5	0.5	0.5	0.5	0.5	0.5	0.5	0.5	0.5	0.5	0.75	0.5	0.5	0.5	0.5	0.5	0.5	0.5	0.5	0.5	0.5	0.5	0.5
Devoted Vizier	0.5	0.5	0.5	0.5	0.7407407407407407	0.75	0.5	0.5	0.5	0.5	0.8	0.5	0.6136363636363636	0.5	0.25	0.5	0.5	0.5	0.5	0.5	0.5294117647058824	0.5	0.75	0.5	0.5	0.5	0.5	0.5	0.5	0.5	0.5	0.5	0.36363636363636365	0.8	0.46938775510204084	0.5714285714285714	0.2777777777777778	0.5	0.38095238095238093	0.5333333333333333	0.5	0.5	0.5	0.5	0.5	0.5	0.5	0.5	0.5	0.5	0.5	0.5	0.45	0.5	0.5	0.14285714285714285	0.5	0.2692307692307692	0.5	0.5	0.5	0.17391304347826086	0.36363636363636365	0.5	0.5	0.5641025641025641	0.5	0.5	0.5	0.5	0.5	0.42857142857142855	0.5	0.5	0.5	0.5	0.5	0.5
Devotion to Black	0.5	0.5	0.5	0.5	0.5	0.5	0.5	0.5	0.5	0.5	0.5	0.5	0.5	0.5	0.5	0.5	0.5	0.5	0.5	0.5	0.5	0.5	0.5	0.5	0.5	0.5	0.5	0.5	0.5	0.5	0.5	0.5	0.5	0.5	0.5	0.5	0.5	0.5	0.5	0.5	0.5	0.5	0.5	0.5	0.5	0.5	0.5	0.5	0.5	0.5	0.5	0.5	0.5	0.5	0.5	0.5	0.5	0.5	0.5	0.5	0.5	0.5	0.5	0.5	0.5	0.25	0.5	0.5	0.5	0.5	0.5	0.5	0.5	0.5	0.5	0.5	0.5	0.5
Devotion to Green	0.5	0.5	0.5	0.5	0.5	0.5	0.5	0.5	0.5	0.5	0.5	0.5	0.5	0.5	0.5	0.5	0.5	0.5	0.5	0.5	0.5	0.5	0.5	0.5	0.5	0.5	0.5	0.5	0.5	0.5	0.5	0.5	0.5	0.5	0.5	0.5	0.5	0.5	0.5	0.5	0.5	0.5	0.5	0.5	0.5	0.5	0.5	0.5	0.5	0.5	0.5	0.5	0.5	0.5	0.5	0.5	0.5	0.5	0.5	0.5	0.5	0.5	0.5	0.5	0.5	0.5	0.5	0.5	0.5	0.5	0.5	0.5	0.5	0.5	0.5	0.5	0.5	0.5
Devotion to White	0.5	0.5	0.5	0.5	0.5	0.5	0.5	0.5	0.5	0.5	0.5	0.5	0.5	0.5	0.5	0.5	0.5	0.5	0.5	0.5	0.5	0.5	0.5	0.5	0.5	0.5	0.5	0.5	0.5	0.5	0.5	0.5	0.5	0.5	0.5	0.5	0.3333333333333333	0.5	0.5	0.5	0.5	0.5	0.5	0.5	0.5	0.5	0.5	0.5	0.5	0.5	0.5	0.5	0.5	0.5	0.5	0.5	0.5	0.5	0.5	0.5	0.5	0.5	0.5	0.5	0.5	0.5	0.5	0.5	0.5	0.5	0.5	0.5	0.5	0.5	0.5	0.5	0.5	0.5
Dragonstorm	0.5	0.5	0.5	0.5	0.5	0.5	0.5	0.5	0.5	0.5	0.5	0.5	0.5	0.5	0.5	0.5	0.5	0.5	0.5	0.5	0.5	0.5	0.5	0.5	0.5	0.5	0.5	0.5	0.5	0.5	0.5	0.5	0.5	0.5	0.5	0.5	0.5	0.5	0.5	0.5	0.5	0.5	0.5	0.5	0.5	0.5	0.5	0.5	0.5	0.5	0.5	0.5	0.5	0.5	0.5	0.5	0.5	0.5	0.5	0.5	0.5	0.5	0.5	0.5	0.5	0.5	0.5	0.5	0.5	0.5	0.5	0.5	0.5	0.5	0.5	0.5	0.5	0.5
Dredge	0.5	0.5	0.6666666666666666	0.125	0.7222222222222222	0.25	0.5	0.5	0.625	0.5	0.2	0.5	0.6363636363636364	0.5	0.5	0.47058823529411764	0.5	0.5	0.5	0.5	0.5	0.5	0.4	0.5	0.5	0.5	0.5	0.5	0.75	0.75	0.5	0.5	0.3333333333333333	0.4166666666666667	0.5576923076923077	0.6666666666666666	0.6434108527131783	0.5	0.88	0.4230769230769231	0.5	0.5	0.25	0.5	0.5	0.5	0.5714285714285714	0.3333333333333333	0.5	0.5	0.5	0.5	0.5625	0.5833333333333334	0.6	0.5882352941176471	0.5	0.6944444444444444	0.6666666666666666	0.5	0.5	0.4	0.3333333333333333	0.5	0.5	0.46938775510204084	0.5	0.75	0.5	0.5	0.5	0.725	0.5	0.5	0.3333333333333333	0.5	0.3333333333333333	0.4
Eldrazi	0.5	0.5	0.5	0.5	0.5	0.5	0.5	0.5	0.5	0.5	0.5	0.5	0.4166666666666667	0.5	0.5	0.5	0.5	0.5	0.5	0.5	0.5	0.5	0.5	0.5	0.25	0.5	0.5	0.5	0.5	0.5	0.5	0.5	0.5	0.5	0.5	0.5	0.42105263157894735	0.5	0.6666666666666666	0.5	0.5	0.5	0.5	0.5	0.5	0.5	0.5	0.5	0.5	0.5	0.5	0.5	0.6666666666666666	0.5	0.5	0.5	0.5	0.5	0.5	0.5	0.5	0.5	0.5	0.5	0.5	0.7142857142857143	0.5	0.5	0.5	0.5	0.5	0.5	0.5	0.5	0.15	0.5	0.25	0.5
Eldrazi and Taxes	0.5	0.5	0.5	0.5	0.25	0.5	0.5	0.5	0.5	0.5	0.5	0.5	0.8888888888888888	0.5	0.5	0.25	0.5	0.5	0.5	0.5	0.6	0.5	0.5	0.5	0.5	0.5	0.5	0.5	0.5	0.5	0.5	0.5	0.5	0.5	0.6	0.5	0.25	0.5	0.5	0.5	0.5	0.5	0.5	0.5	0.5	0.5	0.5	0.5	0.5	0.5	0.5	0.5	0.3333333333333333	0.5	0.25	0.3333333333333333	0.5	0.5	0.5	0.5	0.5	0.4	0.5	0.5	0.5	0.7142857142857143	0.5	0.3333333333333333	0.5	0.5	0.5	0.25	0.5	0.5	0.75	0.5	0.5	0.5
Electro End	0.5	0.5	0.5	0.5	0.5	0.5	0.5	0.5	0.5	0.5	0.5	0.5	0.6666666666666666	0.5	0.5	0.5	0.5	0.5	0.5	0.5	0.5	0.5	0.5	0.5	0.5	0.5	0.5	0.5	0.5	0.5	0.5	0.5	0.5	0.5	0.5	0.5	0.8333333333333334	0.5	0.5	0.5	0.5	0.5	0.5	0.5	0.5	0.5	0.5	0.5	0.5	0.5	0.5	0.5	0.5	0.5	0.5	0.5	0.5	0.25	0.5	0.5	0.5	0.5	0.5	0.5	0.5	0.6666666666666666	0.5	0.5	0.5	0.5	0.5	0.5	0.5	0.5	0.5	0.5	0.5	0.5
Elves	0.5	0.5	0.5	0.2	0.5	0.5	0.5	0.5	0.5	0.5	0.5	0.5	0.16666666666666666	0.5	0.5	0.5	0.5	0.5	0.5	0.5	0.5	0.75	0.5	0.5	0.5	0.5	0.5	0.5	0.5	0.5	0.5	0.5	0.8	0.25	0.25	0.5	0.15	0.5	0.5	0.5	0.5	0.5	0.5	0.5	0.5	0.5	0.5	0.5	0.5	0.5	0.5	0.5	0.5	0.3333333333333333	0.5	0.3333333333333333	0.5	0.3333333333333333	0.5	0.5	0.5	0.5	0.5	0.5	0.5	0.5714285714285714	0.5	0.5	0.5	0.5	0.5	0.6666666666666666	0.5	0.5	0.5	0.5	0.5	0.5
Enchantress	0.5	0.5	0.5	0.5	0.5	0.5	0.5	0.5	0.5	0.5	0.5	0.5	0.5	0.5	0.5	0.5	0.5	0.5	0.5	0.5	0.5	0.5	0.5	0.5	0.5	0.5	0.5	0.5	0.5	0.5	0.5	0.5	0.5	0.5	0.5	0.5	0.5	0.5	0.5	0.5	0.5	0.5	0.5	0.5	0.5	0.5	0.5	0.5	0.5	0.5	0.5	0.5	0.5	0.5	0.5	0.5	0.5	0.5	0.5	0.5	0.5	0.5	0.5	0.5	0.5	0.5	0.5	0.5	0.5	0.5	0.5	0.5	0.5	0.5	0.5	0.5	0.5	0.5
Esper Control	0.5	0.5	0.5	0.5	0.5	0.5	0.5	0.5	0.5	0.5	0.5	0.5	0.5	0.5	0.5	0.5	0.5	0.5	0.5	0.5	0.5	0.5	0.5	0.5	0.5	0.5	0.5	0.5	0.5	0.5	0.5	0.5	0.5	0.5	0.5	0.5	0.3333333333333333	0.5	0.5	0.5	0.5	0.5	0.5	0.5	0.5	0.5	0.5	0.5	0.5	0.5	0.5	0.5	0.5	0.5	0.25	0.5	0.5	0.75	0.5	0.5	0.5	0.5	0.5	0.5	0.5	0.5	0.5	0.5	0.5	0.5	0.5	0.5	0.5	0.5	0.5	0.5	0.5	0.5
Esper Vengeance	0.5	0.5	0.5	0.5	0.5	0.5	0.5	0.5	0.5	0.5	0.5	0.5	0.5	0.5	0.5	0.5	0.5	0.5	0.5	0.5	0.5	0.5	0.5	0.5	0.5	0.5	0.5	0.5	0.5	0.5	0.5	0.5	0.5	0.5	0.5	0.5	0.25	0.5	0.5	0.5	0.5	0.5	0.5	0.5	0.5	0.5	0.5	0.5	0.5	0.5	0.5	0.5	0.5	0.5	0.5	0.5	0.5	0.5	0.5	0.5	0.5	0.5	0.5	0.5	0.5	0.5	0.5	0.5	0.5	0.5	0.5	0.5	0.5	0.5	0.75	0.5	0.5	0.5
Faeries	0.5	0.5	0.5	0.5	0.5	0.5	0.5	0.5	0.5	0.5	0.5	0.5	0.5	0.5	0.5	0.5	0.5	0.5	0.5	0.5	0.25	0.5	0.5	0.5	0.5	0.5	0.5	0.5	0.5	0.5	0.5	0.5	0.5	0.25	0.25	0.5	0.6666666666666666	0.5	0.5	0.5	0.5	0.5	0.5	0.5	0.5	0.5	0.5	0.5	0.5	0.5	0.5	0.5	0.5	0.5	0.5	0.5	0.5	0.5	0.5	0.5	0.5	0.5	0.5	0.5	0.5	0.5	0.5	0.5	0.5	0.5	0.5	0.5	0.5	0.5	0.5	0.5	0.5	0.5
Goblins	0.5	0.5	0.5	0.5	0.5	0.5	0.5	0.5	0.5	0.5	0.5	0.5	0.3333333333333333	0.5	0.5	0.5	0.5	0.5	0.5	0.5	0.25	0.5	0.5	0.5	0.5	0.5	0.5	0.5	0.5	0.5	0.5	0.5	0.5	0.25	0.25	0.5	0.5	0.5	0.5	0.25	0.5	0.5	0.5	0.5	0.5	0.5	0.5	0.5	0.5	0.5	0.5	0.5	0.5	0.5	0.5	0.5	0.5	0.5	0.5	0.5	0.5	0.5	0.5	0.5	0.5	0.5	0.5	0.5	0.5	0.5	0.5	0.5	0.5	0.5	0.5	0.5	0.5	0.5
Grishoalbrand	0.5	0.5	0.5	0.5	0.5	0.5	0.5	0.5	0.5	0.5	0.5	0.5	0.5	0.5	0.5	0.5	0.5	0.5	0.5	0.5	0.5	0.5	0.5	0.5	0.5	0.5	0.5	0.5	0.5	0.5	0.5	0.5	0.5	0.5	0.5	0.5	0.2	0.5	0.5	0.5	0.5	0.5	0.5	0.5	0.5	0.5	0.5	0.5	0.5	0.5	0.5	0.5	0.8	0.5	0.5	0.3333333333333333	0.5	0.4	0.5	0.5	0.5	0.5	0.5	0.5	0.5	0.2	0.5	0.5	0.5	0.5	0.5	0.6666666666666666	0.5	0.5	0.5	0.5	0.5	0.5
Grixis Control	0.5	0.5	0.5	0.5	0.6666666666666666	0.5	0.5	0.5	0.5	0.5	0.5	0.5	0.5	0.5	0.5	0.5	0.5	0.5	0.5	0.5	0.5	0.5	0.5	0.5	0.5	0.5	0.5	0.5	0.5	0.5	0.5	0.5	0.5	0.5	0.5	0.5	0.2	0.5	0.5	0.5	0.5	0.5	0.5	0.5	0.5	0.5	0.5	0.5	0.5	0.5	0.5	0.5	0.5	0.5	0.75	0.2	0.5	0.25	0.5	0.5	0.5	0.5	0.5	0.5	0.5	0.5	0.5	0.5	0.5	0.5	0.5	0.5	0.5	0.5	0.5	0.5	0.5	0.5
Hardened Scales	0.5	0.5	0.2	0.1875	0.6666666666666666	0.5	0.5	0.5	0.5	0.25	0.4	0.5	0.625	0.5	0.5	0.6363636363636364	0.5	0.5	0.5	0.5	0.6666666666666666	0.5	0.5	0.5	0.2	0.5	0.5	0.5	0.5	0.5	0.5	0.5	0.5	0.7272727272727273	0.5483870967741935	0.6363636363636364	0.3402061855670103	0.5	0.48148148148148145	0.7666666666666667	0.5	0.5	0.5	0.5	0.5	0.5	0.5	0.5	0.5	0.5	0.5	0.5	0.5714285714285714	0.5	0.5	0.7037037037037037	0.5	0.5714285714285714	0.5	0.75	0.5	0.5862068965517241	0.5263157894736842	0.5	0.5	0.5	0.5	0.14285714285714285	0.5	0.25	0.5	0.3090909090909091	0.5	0.6666666666666666	0.3333333333333333	0.5	0.5	0.3333333333333333
Hollow One	0.5	0.5	0.5	0.5	0.19047619047619047	0.3333333333333333	0.5	0.5	0.5	0.5	0.5	0.5	0.5263157894736842	0.5	0.5	0.2	0.5	0.5	0.5	0.5	0.5833333333333334	0.5	0.5	0.5	0.75	0.5	0.5	0.5	0.75	0.75	0.5	0.5	0.2727272727272727	0.5	0.5409836065573771	0.43478260869565216	0.6388888888888888	0.5	0.5897435897435898	0.5625	0.5	0.5	0.5	0.5	0.5	0.5	0.8	0.5	0.5	0.5	0.5	0.5	0.5185185185185185	0.625	0.8333333333333334	0.7368421052631579	0.5	0.5806451612903226	0.5	0.6666666666666666	0.5	0.391304347826087	0.6428571428571429	0.5	0.5	0.509090909090909	0.5	0.25	0.5	0.5	0.5	0.35714285714285715	0.5	0.5	0.16666666666666666	0.5	0.5	0.5
Humans	0.5	0.6666666666666666	0.2	0.8571428571428571	0.47191011235955055	0.6666666666666666	0.5	0.5	0.5	0.5	0.6666666666666666	0.5	0.5952380952380952	0.5	0.75	0.5306122448979592	0.5	0.5	0.5	0.5	0.4423076923076923	0.5	0.4	0.5	0.75	0.5	0.5	0.5	0.75	0.75	0.5	0.5	0.45161290322580644	0.45901639344262296	0.5	0.6065573770491803	0.5142857142857142	0.5	0.4489795918367347	0.6263736263736264	0.5	0.5	0.6666666666666666	0.5	0.5	0.5	0.8	0.6666666666666666	0.5	0.5	0.5	0.5	0.4032258064516129	0.5	0.8	0.7	0.5	0.5789473684210527	0.4444444444444444	0.3333333333333333	0.5	0.4307692307692308	0.6271186440677966	0.5	0.5	0.4340659340659341	0.75	0.3333333333333333	0.5	0.5	0.5	0.45614035087719296	0.5	0.5	0.5	0.5	0.5	0.5
Infect	0.5	0.5	0.5	0.5	0.47368421052631576	0.5	0.5	0.5	0.75	0.5	0.5	0.5	0.32075471698113206	0.5	0.5	0.42857142857142855	0.5	0.5	0.5	0.5	0.3333333333333333	0.5	0.5	0.5	0.5	0.5	0.5	0.5	0.5	0.5	0.5	0.5	0.36363636363636365	0.5652173913043478	0.39344262295081966	0.5	0.19047619047619047	0.5	0.45	0.32142857142857145	0.5	0.5	0.5	0.5	0.5	0.5	0.5	0.5	0.5	0.5	0.5	0.5	0.7407407407407407	0.5	0.5	0.25	0.5	0.25	0.5	0.5	0.5	0.5161290322580645	0.2857142857142857	0.5	0.5	0.673469387755102	0.5	0.5	0.5	0.5	0.5	0.38461538461538464	0.5	0.5	0.2	0.5	0.5	0.5
Izzet Phoenix	0.5	0.5	0.5454545454545454	0.5384615384615384	0.5487804878048781	0.5555555555555556	0.75	0.5	0.2	0.5	0.6923076923076923	0.5	0.5514705882352942	0.25	0.7	0.7222222222222222	0.5	0.5	0.6666666666666666	0.5	0.35658914728682173	0.5789473684210527	0.75	0.16666666666666666	0.85	0.5	0.6666666666666666	0.75	0.3333333333333333	0.5	0.8	0.8	0.6597938144329897	0.3611111111111111	0.4857142857142857	0.8095238095238095	0.5	0.5	0.5961538461538461	0.4864864864864865	0.8333333333333334	0.5	0.4	0.2	0.8	0.75	0.5	0.5	0.5	0.5	0.5	0.5	0.4722222222222222	0.5806451612903226	0.5714285714285714	0.5862068965517241	0.5	0.5480769230769231	0.4666666666666667	0.75	0.5	0.5959595959595959	0.6857142857142857	0.5	0.5	0.5481481481481482	0.5	0.9090909090909091	0.5	0.6	0.8571428571428571	0.5632183908045977	0.5	0.5	0.3090909090909091	0.5	0.3333333333333333	0.7777777777777778
Jeskai Ascendancy	0.5	0.5	0.5	0.5	0.5	0.5	0.5	0.5	0.5	0.5	0.5	0.5	0.5	0.5	0.5	0.5	0.5	0.5	0.5	0.5	0.5	0.5	0.5	0.5	0.5	0.5	0.5	0.5	0.5	0.5	0.5	0.5	0.5	0.5	0.5	0.5	0.5	0.5	0.5	0.5	0.5	0.5	0.5	0.5	0.5	0.5	0.5	0.5	0.5	0.5	0.5	0.5	0.5	0.5	0.5	0.5	0.5	0.5	0.5	0.5	0.5	0.5	0.5	0.5	0.5	0.5	0.5	0.5	0.5	0.5	0.5	0.5	0.5	0.5	0.5	0.5	0.5	0.5
Jeskai Control	0.5	0.5	0.5	0.5	0.5238095238095238	0.25	0.5	0.5	0.8	0.5	0.5	0.5	0.4	0.5	0.5	0.6190476190476191	0.5	0.5	0.5	0.5	0.12	0.3333333333333333	0.5	0.5	0.5	0.5	0.5	0.5	0.5	0.5	0.5	0.5	0.5185185185185185	0.41025641025641024	0.5510204081632653	0.55	0.40384615384615385	0.5	0.5	0.7619047619047619	0.5	0.5	0.5	0.5	0.5	0.5	0.5	0.6666666666666666	0.5	0.5	0.5	0.5	0.4482758620689655	0.5	0.75	0.5625	0.5	0.4838709677419355	0.5	0.5	0.5	0.5476190476190477	0.4857142857142857	0.5	0.5	0.2717391304347826	0.5	0.5	0.5	0.5	0.5	0.6511627906976745	0.5	0.5	0.8	0.5	0.5	0.5
Jund	0.5	0.5	0.5	0.5	0.4444444444444444	0.3333333333333333	0.5	0.5	0.5	0.5	0.25	0.5	0.5591397849462365	0.5	0.5	0.4666666666666667	0.5	0.5	0.5	0.5	0.5769230769230769	0.5	0.5	0.5	0.5	0.5	0.5	0.5	0.5	0.75	0.5	0.5	0.23333333333333334	0.4375	0.37362637362637363	0.6785714285714286	0.5135135135135135	0.5	0.23809523809523808	0.5	0.25	0.5	0.5	0.6666666666666666	0.5	0.5	0.5	0.75	0.5	0.5	0.5	0.5	0.5	0.6666666666666666	0.75	0.6666666666666666	0.5	0.4857142857142857	0.5	0.5	0.5	0.5365853658536586	0.5925925925925926	0.5	0.5	0.40350877192982454	0.5	0.5	0.5	0.5	0.5	0.35294117647058826	0.5	0.5	0.4	0.5	0.5	0.5
Kiki	0.5	0.5	0.5	0.5	0.25	0.5	0.5	0.5	0.5	0.5	0.5	0.5	0.3333333333333333	0.5	0.5	0.5	0.5	0.5	0.5	0.5	0.5	0.5	0.5	0.5	0.5	0.5	0.5	0.5	0.5	0.5	0.5	0.5	0.5	0.5	0.5	0.5	0.16666666666666666	0.5	0.5	0.75	0.5	0.5	0.5	0.5	0.5	0.5	0.5	0.5	0.5	0.5	0.5	0.5	0.5	0.5	0.5	0.25	0.5	0.6666666666666666	0.5	0.5	0.5	0.5	0.5	0.5	0.5	0.5	0.5	0.5	0.5	0.5	0.5	0.5	0.5	0.5	0.5	0.5	0.5	0.5
Landfall Aggro	0.5	0.5	0.5	0.3333333333333333	0.5	0.5	0.5	0.5	0.5	0.5	0.5	0.5	0.75	0.5	0.5	0.5	0.5	0.5	0.5	0.5	0.5	0.5	0.5	0.5	0.5	0.5	0.5	0.5	0.5	0.5	0.5	0.5	0.5	0.5	0.5	0.5	0.5	0.5	0.5	0.5	0.5	0.5	0.5	0.5	0.5	0.5	0.5	0.5	0.5	0.5	0.5	0.5	0.5	0.5	0.5	0.5	0.5	0.5	0.5	0.5	0.5	0.5	0.5	0.5	0.5	0.5	0.5	0.5	0.5	0.5	0.5	0.5	0.5	0.5	0.5	0.5	0.5	0.5
Lantern Control	0.5	0.5	0.5	0.5	0.25	0.5	0.5	0.5	0.5	0.5	0.5	0.5	0.75	0.5	0.5	0.5	0.5	0.5	0.5	0.5	0.75	0.5	0.5	0.5	0.5	0.5	0.5	0.5	0.5	0.5	0.5	0.5	0.5	0.5	0.3333333333333333	0.5	0.6	0.5	0.5	0.5	0.5	0.5	0.5	0.5	0.5	0.5	0.5	0.5	0.5	0.5	0.5	0.5	0.5	0.5	0.5	0.2	0.5	0.2	0.5	0.5	0.5	0.25	0.5	0.5	0.5	0.5	0.5	0.5	0.5	0.5	0.5	0.5	0.5	0.5	0.5	0.5	0.5	0.5
Living End	0.5	0.5	0.5	0.25	0.5	0.5	0.5	0.5	0.5	0.5	0.5	0.5	0.25	0.5	0.5	0.5	0.5	0.5	0.5	0.5	0.5	0.5	0.5	0.5	0.5	0.5	0.5	0.5	0.5	0.5	0.5	0.5	0.5	0.5	0.5	0.5	0.8	0.5	0.5	0.3333333333333333	0.5	0.5	0.5	0.5	0.5	0.5	0.5	0.5	0.5	0.5	0.5	0.5	0.5	0.5	0.5	0.5	0.5	0.25	0.5	0.5	0.5	0.5	0.5	0.5	0.5	0.75	0.5	0.5	0.5	0.5	0.5	0.5	0.5	0.5	0.5	0.5	0.5	0.5
Mardu Pyromancer	0.5	0.5	0.5	0.5	0.5	0.5	0.5	0.5	0.5	0.5	0.5	0.5	0.3333333333333333	0.5	0.5	0.5	0.5	0.5	0.5	0.5	0.5	0.5	0.5	0.5	0.5	0.5	0.5	0.5	0.5	0.5	0.5	0.5	0.5	0.5	0.5	0.5	0.2	0.5	0.5	0.5	0.5	0.5	0.5	0.5	0.5	0.5	0.5	0.5	0.5	0.5	0.5	0.5	0.5	0.5	0.5	0.3333333333333333	0.5	0.3333333333333333	0.5	0.5	0.5	0.5	0.5	0.5	0.5	0.5	0.5	0.5	0.5	0.5	0.5	0.5	0.5	0.5	0.5	0.5	0.5	0.5
Martyr of Sands	0.5	0.5	0.5	0.5	0.5	0.5	0.5	0.5	0.5	0.5	0.5	0.5	0.5	0.5	0.5	0.5	0.5	0.5	0.5	0.5	0.5	0.5	0.5	0.5	0.5	0.5	0.5	0.5	0.5	0.5	0.5	0.5	0.5	0.5	0.5	0.5	0.25	0.5	0.5	0.5	0.5	0.5	0.5	0.5	0.5	0.5	0.5	0.5	0.5	0.5	0.5	0.5	0.5	0.5	0.5	0.75	0.5	0.5	0.5	0.5	0.5	0.5	0.5	0.5	0.5	0.5	0.5	0.5	0.5	0.5	0.5	0.5	0.5	0.5	0.25	0.5	0.5	0.5
Merfolk	0.5	0.5	0.5	0.5	0.5	0.5	0.5	0.5	0.5	0.5	0.6666666666666666	0.5	0.25	0.5	0.5	0.5	0.5	0.5	0.5	0.5	0.42857142857142855	0.5	0.5	0.5	0.5	0.5	0.5	0.5	0.5	0.5	0.5	0.5	0.5	0.2	0.2	0.5	0.5	0.5	0.5	0.5	0.5	0.5	0.5	0.5	0.5	0.5	0.5	0.5	0.5	0.5	0.5	0.5	0.3333333333333333	0.75	0.5	0.15	0.5	0.25	0.5	0.5	0.5	0.5	0.5	0.5	0.5	0.25	0.5	0.5	0.5	0.5	0.5	0.5	0.5	0.5	0.5	0.5	0.5	0.5
Mill	0.5	0.5	0.5	0.75	0.15	0.5	0.5	0.5	0.5	0.5	0.5	0.5	0.15	0.5	0.5	0.5	0.5	0.5	0.5	0.5	0.6666666666666666	0.5	0.5	0.5	0.5	0.5	0.5	0.5	0.5	0.5	0.5	0.5	0.5	0.5	0.3333333333333333	0.5	0.5	0.5	0.3333333333333333	0.25	0.5	0.5	0.5	0.5	0.5	0.5	0.5	0.5	0.5	0.5	0.5	0.5	0.3333333333333333	0.5	0.5	0.25	0.5	0.5	0.5	0.5	0.5	0.15	0.5	0.5	0.5	0.75	0.5	0.5	0.5	0.5	0.75	0.6	0.5	0.5	0.5	0.5	0.5	0.5
Mono-Green Stompy	0.5	0.5	0.5	0.5	0.5	0.5	0.5	0.5	0.5	0.5	0.5	0.5	0.5	0.5	0.5	0.5	0.5	0.5	0.5	0.5	0.5	0.5	0.5	0.5	0.5	0.5	0.5	0.5	0.5	0.5	0.5	0.5	0.5	0.5	0.5	0.5	0.5	0.5	0.5	0.5	0.5	0.5	0.5	0.5	0.5	0.5	0.5	0.5	0.5	0.5	0.5	0.5	0.5	0.5	0.5	0.5	0.5	0.5	0.5	0.5	0.5	0.5	0.5	0.5	0.5	0.5	0.5	0.5	0.5	0.5	0.5	0.5	0.5	0.5	0.5	0.5	0.5	0.5
Nonblue Electro End	0.5	0.5	0.5	0.5	0.5	0.5	0.5	0.5	0.5	0.5	0.5	0.5	0.15	0.5	0.5	0.5	0.5	0.5	0.5	0.5	0.5	0.5	0.5	0.5	0.5	0.5	0.5	0.5	0.5	0.5	0.5	0.5	0.5	0.5	0.5	0.5	0.5	0.5	0.5	0.5	0.5	0.5	0.5	0.5	0.5	0.5	0.5	0.5	0.5	0.5	0.5	0.5	0.5	0.5	0.5	0.5	0.5	0.5	0.5	0.5	0.5	0.5	0.5	0.5	0.5	0.5	0.5	0.5	0.5	0.5	0.5	0.5	0.5	0.5	0.5	0.5	0.5	0.5
Polymorph Tokens	0.5	0.5	0.5	0.5	0.5	0.5	0.5	0.5	0.5	0.5	0.5	0.5	0.5	0.5	0.5	0.5	0.5	0.5	0.5	0.5	0.5	0.5	0.5	0.5	0.5	0.5	0.5	0.5	0.5	0.5	0.5	0.5	0.5	0.5	0.5	0.5	0.5	0.5	0.5	0.5	0.5	0.5	0.5	0.5	0.5	0.5	0.5	0.5	0.5	0.5	0.5	0.5	0.5	0.5	0.5	0.5	0.5	0.5	0.5	0.5	0.5	0.5	0.5	0.5	0.5	0.5	0.5	0.5	0.5	0.5	0.5	0.5	0.5	0.5	0.5	0.5	0.5	0.5
Ponza	0.5	0.5	0.5	0.5	0.5	0.5	0.5	0.5	0.5	0.5	0.5	0.5	0.5	0.5	0.5	0.5	0.5	0.5	0.5	0.5	0.5	0.5	0.5	0.5	0.5	0.5	0.5	0.5	0.5	0.5	0.5	0.5	0.5	0.5	0.5	0.5	0.5	0.5	0.5	0.5	0.5	0.5	0.5	0.5	0.5	0.5	0.5	0.5	0.5	0.5	0.5	0.5	0.5	0.5	0.5	0.6666666666666666	0.5	0.6666666666666666	0.5	0.5	0.5	0.5	0.5	0.5	0.5	0.25	0.5	0.5	0.5	0.5	0.5	0.75	0.5	0.5	0.5	0.5	0.5	0.5
R/G Valakut	0.5	0.5	0.75	0.5	0.43478260869565216	0.75	0.5	0.5	0.75	0.5	0.4	0.5	0.5737704918032787	0.25	0.3333333333333333	0.55	0.5	0.5	0.5	0.5	0.4375	0.3333333333333333	0.6666666666666666	0.5	0.5	0.5	0.5	0.5	0.5	0.5	0.2	0.5	0.42857142857142855	0.48148148148148145	0.5967741935483871	0.25925925925925924	0.5277777777777778	0.5	0.5517241379310345	0.5	0.5	0.5	0.5	0.5	0.5	0.5	0.6666666666666666	0.6666666666666666	0.5	0.5	0.5	0.5	0.5	0.2857142857142857	0.5	0.5555555555555556	0.5	0.3333333333333333	0.25	0.5	0.75	0.46808510638297873	0.1875	0.5	0.5	0.56	0.5	0.3	0.5	0.5	0.6666666666666666	0.5675675675675675	0.5	0.5	0.5	0.5	0.5	0.8
Red Phoenix	0.5	0.5	0.5	0.25	0.3333333333333333	0.25	0.5	0.5	0.5	0.5	0.5	0.5	0.5	0.5	0.5	0.5	0.5	0.5	0.5	0.5	0.4166666666666667	0.5	0.5	0.5	0.6666666666666666	0.5	0.5	0.5	0.5	0.5	0.5	0.5	0.5	0.375	0.5	0.5	0.41935483870967744	0.5	0.5	0.3333333333333333	0.5	0.5	0.5	0.5	0.5	0.5	0.25	0.5	0.5	0.5	0.5	0.5	0.7142857142857143	0.5	0.5	0.25	0.5	0.6666666666666666	0.25	0.5	0.5	0.625	0.6666666666666666	0.5	0.5	0.7333333333333333	0.5	0.6666666666666666	0.5	0.5	0.5	0.4	0.5	0.5	0.2	0.5	0.5	0.5
Red Prison	0.5	0.5	0.5	0.6666666666666666	0.4	0.5	0.5	0.5	0.5	0.5	0.5	0.5	0.4	0.5	0.5	0.5	0.5	0.5	0.5	0.5	0.4	0.5	0.75	0.5	0.5	0.5	0.75	0.5	0.5	0.5	0.5	0.25	0.5	0.16666666666666666	0.2	0.5	0.42857142857142855	0.5	0.25	0.25	0.5	0.5	0.5	0.5	0.5	0.5	0.5	0.5	0.5	0.5	0.5	0.5	0.5	0.5	0.5	0.3333333333333333	0.5	0.6666666666666666	0.5	0.5	0.5	0.25	0.5	0.5	0.5	0.6	0.5	0.2	0.5	0.5	0.5	0.42857142857142855	0.5	0.5	0.8	0.5	0.5	0.5
Rock	0.5	0.5	0.6	0.7	0.24	0.6363636363636364	0.5	0.5	0.3333333333333333	0.5	0.5555555555555556	0.75	0.5303030303030303	0.5	0.5	0.8571428571428571	0.5	0.5	0.5	0.5	0.4117647058823529	0.5	0.6666666666666666	0.5	0.6666666666666666	0.5	0.5	0.5	0.5	0.5	0.6666666666666666	0.8	0.2962962962962963	0.2631578947368421	0.3	0.75	0.41379310344827586	0.5	0.4375	0.3333333333333333	0.75	0.5	0.8	0.5	0.6666666666666666	0.25	0.85	0.75	0.5	0.5	0.5	0.3333333333333333	0.4444444444444444	0.75	0.6666666666666666	0.5	0.5	0.5777777777777777	0.2	0.5	0.5	0.40625	0.4	0.5	0.25	0.4146341463414634	0.5	0.4	0.5	0.25	0.5	0.32	0.5	0.5	0.5882352941176471	0.5	0.75	0.6666666666666666
Scrap Trawler	0.5	0.5	0.5	0.5	0.5	0.5	0.5	0.5	0.5	0.5	0.5	0.5	0.5	0.5	0.5	0.5	0.5	0.5	0.5	0.5	0.5	0.5	0.5	0.5	0.5	0.5	0.5	0.5	0.5	0.5	0.5	0.5	0.5	0.5	0.5	0.5	0.5	0.5	0.5	0.5	0.5	0.5	0.5	0.5	0.5	0.5	0.5	0.5	0.5	0.5	0.5	0.5	0.5	0.5	0.5	0.5	0.5	0.5	0.5	0.5	0.5	0.5	0.5	0.5	0.5	0.5	0.5	0.5	0.5	0.5	0.5	0.5	0.5	0.5	0.5	0.5	0.5	0.5
Shadow	0.3333333333333333	0.5	0.5	0.7272727272727273	0.4827586206896552	0.6428571428571429	0.5	0.5	0.3333333333333333	0.85	0.38461538461538464	0.5	0.5365853658536586	0.5	0.5	0.7307692307692307	0.5	0.5	0.5	0.5	0.3055555555555556	0.5	0.5	0.75	0.6666666666666666	0.5	0.25	0.5	0.5	0.5	0.6	0.75	0.42857142857142855	0.41935483870967744	0.42105263157894735	0.75	0.4519230769230769	0.5	0.5161290322580645	0.5142857142857142	0.3333333333333333	0.5	0.8	0.75	0.6666666666666666	0.5	0.75	0.5	0.5	0.5	0.5	0.3333333333333333	0.6666666666666666	0.3333333333333333	0.3333333333333333	0.4222222222222222	0.5	0.5	0.4	0.5	0.5	0.47692307692307695	0.9259259259259259	0.5	0.5	0.45054945054945056	0.5	0.7272727272727273	0.5	0.5	0.5	0.4166666666666667	0.5	0.25	0.6	0.5	0.25	0.85
Shadow Zoo	0.5	0.5	0.5	0.5	0.6666666666666666	0.75	0.5	0.5	0.5	0.5	0.5	0.5	0.3333333333333333	0.5	0.5	0.5	0.5	0.5	0.5	0.5	0.3333333333333333	0.5	0.5	0.5	0.5	0.5	0.5	0.5	0.5	0.5	0.5	0.5	0.5	0.5	0.5555555555555556	0.5	0.5333333333333333	0.5	0.5	0.5	0.5	0.5	0.5	0.5	0.5	0.5	0.5	0.5	0.5	0.5	0.5	0.5	0.75	0.75	0.5	0.8	0.5	0.6	0.5	0.5	0.5	0.5	0.5	0.5	0.5	0.5	0.5	0.5	0.5	0.5	0.5	0.4	0.5	0.5	0.25	0.5	0.5	0.5
Slivers	0.5	0.5	0.5	0.5	0.5	0.5	0.5	0.5	0.5	0.5	0.5	0.5	0.5	0.5	0.5	0.5	0.5	0.5	0.5	0.5	0.5	0.5	0.5	0.5	0.5	0.5	0.5	0.5	0.5	0.5	0.5	0.5	0.25	0.3333333333333333	0.6666666666666666	0.5	0.25	0.5	0.5	0.5	0.5	0.5	0.5	0.5	0.5	0.5	0.5	0.5	0.5	0.5	0.5	0.5	0.5	0.5	0.5	0.5	0.5	0.5	0.5	0.5	0.5	0.5	0.5	0.5	0.5	0.5	0.5	0.5	0.5	0.5	0.5	0.5	0.5	0.5	0.5	0.5	0.5	0.5
Soulflayer	0.5	0.5	0.5	0.5	0.5	0.5	0.5	0.5	0.5	0.5	0.5	0.5	0.5	0.5	0.5	0.5	0.5	0.5	0.5	0.5	0.5	0.5	0.5	0.5	0.5	0.5	0.5	0.5	0.5	0.5	0.5	0.5	0.5	0.5	0.5	0.5	0.5	0.5	0.5	0.5	0.5	0.5	0.5	0.5	0.5	0.5	0.5	0.5	0.5	0.5	0.5	0.5	0.25	0.5	0.5	0.5	0.5	0.5	0.5	0.5	0.5	0.5	0.5	0.5	0.5	0.5	0.5	0.5	0.5	0.5	0.5	0.5	0.5	0.5	0.5	0.5	0.5	0.5
Spirits	0.5	0.5	0.5	0.42857142857142855	0.30434782608695654	0.8333333333333334	0.5	0.5	0.5	0.5	0.5833333333333334	0.5	0.5064935064935064	0.5	0.5	0.8260869565217391	0.5	0.5	0.5	0.5	0.6	0.5	0.6	0.5	0.5	0.5	0.5	0.5	0.5	0.5	0.5	0.5	0.41379310344827586	0.6086956521739131	0.5692307692307692	0.4838709677419355	0.40404040404040403	0.5	0.4523809523809524	0.4634146341463415	0.5	0.5	0.75	0.5	0.5	0.5	0.5	0.85	0.5	0.5	0.5	0.5	0.5319148936170213	0.375	0.75	0.59375	0.5	0.5230769230769231	0.5	0.5	0.5	0.5	0.3333333333333333	0.5	0.75	0.4625	0.75	0.3333333333333333	0.5	0.5	0.5	0.5409836065573771	0.5	0.75	0.4444444444444444	0.5	0.5	0.5
Storm	0.5	0.5	0.5	0.6666666666666666	0.4444444444444444	0.5	0.5	0.5	0.5	0.5	0.5	0.5	0.22641509433962265	0.5	0.5	0.6363636363636364	0.5	0.5	0.5	0.5	0.6666666666666666	0.5	0.5	0.5	0.5	0.5	0.5	0.5	0.5	0.5	0.5	0.5	0.47368421052631576	0.35714285714285715	0.3728813559322034	0.7142857142857143	0.3142857142857143	0.5	0.5142857142857142	0.4074074074074074	0.5	0.5	0.5	0.5	0.5	0.5	0.5	0.5	0.5	0.5	0.5	0.5	0.8125	0.3333333333333333	0.5	0.6	0.5	0.07407407407407407	0.5	0.5	0.5	0.6666666666666666	0.5	0.5	0.5	0.6341463414634146	0.5	0.5	0.5	0.5	0.5	0.7333333333333333	0.5	0.5	0.75	0.5	0.5	0.5
Sultai Midrange	0.5	0.5	0.5	0.5	0.5	0.5	0.5	0.5	0.5	0.5	0.5	0.5	0.5	0.5	0.5	0.5	0.5	0.5	0.5	0.5	0.5	0.5	0.5	0.5	0.5	0.5	0.5	0.5	0.5	0.5	0.5	0.5	0.5	0.5	0.5	0.5	0.5	0.5	0.5	0.5	0.5	0.5	0.5	0.5	0.5	0.5	0.5	0.5	0.5	0.5	0.5	0.5	0.5	0.5	0.5	0.5	0.5	0.5	0.5	0.5	0.5	0.5	0.5	0.5	0.5	0.5	0.5	0.5	0.5	0.5	0.5	0.5	0.5	0.5	0.5	0.5	0.5	0.5
Sultai Reclamation	0.5	0.5	0.5	0.5	0.5	0.5	0.5	0.5	0.5	0.5	0.5	0.5	0.5	0.5	0.5	0.5	0.5	0.5	0.5	0.5	0.5	0.5	0.5	0.5	0.5	0.5	0.5	0.5	0.5	0.5	0.5	0.5	0.5	0.5	0.5	0.5	0.5	0.5	0.5	0.5	0.5	0.5	0.5	0.5	0.5	0.5	0.5	0.5	0.5	0.5	0.5	0.5	0.5	0.5	0.5	0.75	0.5	0.5	0.5	0.5	0.5	0.25	0.5	0.5	0.5	0.5	0.5	0.5	0.5	0.5	0.5	0.5	0.5	0.5	0.75	0.5	0.5	0.5
Tron	0.5	0.25	0.5	0.35714285714285715	0.6119402985074627	0.6875	0.5	0.5	0.75	0.6666666666666666	0.25	0.5	0.4557823129251701	0.5	0.25	0.4358974358974359	0.75	0.5	0.5	0.5	0.5306122448979592	0.2857142857142857	0.2857142857142857	0.3333333333333333	0.42857142857142855	0.5	0.5	0.5	0.5	0.5	0.8	0.5	0.5	0.4909090909090909	0.5659340659340659	0.32653061224489793	0.45185185185185184	0.5	0.7282608695652174	0.5964912280701754	0.5	0.5	0.5	0.25	0.5	0.5	0.75	0.25	0.5	0.5	0.5	0.75	0.44	0.26666666666666666	0.4	0.5853658536585366	0.5	0.5494505494505495	0.5	0.5	0.5	0.5375	0.36585365853658536	0.5	0.5	0.5	0.5	0.6666666666666666	0.5	0.5	0.5	0.524390243902439	0.25	0.5	0.2	0.5	0.5	0.8333333333333334
Turns	0.5	0.5	0.5	0.5	0.5	0.5	0.5	0.5	0.5	0.5	0.5	0.5	0.5	0.5	0.5	0.5	0.5	0.5	0.5	0.5	0.5	0.5	0.5	0.5	0.5	0.5	0.5	0.5	0.5	0.5	0.5	0.5	0.5	0.5	0.25	0.5	0.5	0.5	0.5	0.5	0.5	0.5	0.5	0.5	0.5	0.5	0.5	0.5	0.5	0.5	0.5	0.5	0.5	0.5	0.5	0.5	0.5	0.5	0.5	0.5	0.5	0.25	0.5	0.5	0.5	0.5	0.5	0.5	0.5	0.5	0.5	0.5	0.5	0.5	0.5	0.5	0.5	0.5
U/R Other	0.5	0.5	0.5	0.6666666666666666	0.6	0.5	0.5	0.5	0.5	0.5	0.5	0.5	0.8333333333333334	0.5	0.5	0.5	0.5	0.5	0.5	0.5	0.25	0.5	0.6666666666666666	0.5	0.5	0.5	0.5	0.5	0.5	0.5	0.5	0.5	0.8571428571428571	0.75	0.6666666666666666	0.5	0.09090909090909091	0.5	0.5	0.5	0.5	0.5	0.5	0.5	0.5	0.5	0.5	0.5	0.5	0.5	0.5	0.5	0.7	0.3333333333333333	0.8	0.6	0.5	0.2727272727272727	0.5	0.5	0.5	0.6666666666666666	0.5	0.5	0.5	0.3333333333333333	0.5	0.5	0.5	0.5	0.5	0.8	0.5	0.5	0.5	0.5	0.5	0.5
U/R Wizards	0.5	0.5	0.5	0.5	0.5	0.5	0.5	0.5	0.5	0.5	0.5	0.5	0.5	0.5	0.5	0.5	0.5	0.5	0.5	0.5	0.5	0.5	0.5	0.5	0.5	0.5	0.5	0.5	0.5	0.5	0.5	0.5	0.5	0.5	0.5	0.5	0.5	0.5	0.5	0.5	0.5	0.5	0.5	0.5	0.5	0.5	0.5	0.5	0.5	0.5	0.5	0.5	0.5	0.5	0.5	0.5	0.5	0.5	0.5	0.5	0.5	0.5	0.5	0.5	0.5	0.5	0.5	0.5	0.5	0.5	0.5	0.5	0.5	0.5	0.5	0.5	0.5	0.5
Valuetown	0.5	0.5	0.5	0.5	0.5	0.5	0.5	0.5	0.5	0.5	0.5	0.5	0.5	0.5	0.5	0.5	0.5	0.5	0.5	0.5	0.5	0.5	0.5	0.5	0.5	0.5	0.5	0.5	0.5	0.5	0.5	0.5	0.75	0.5	0.5	0.5	0.4	0.5	0.5	0.5	0.5	0.5	0.5	0.5	0.5	0.5	0.5	0.5	0.5	0.5	0.5	0.5	0.5	0.5	0.5	0.75	0.5	0.5	0.5	0.5	0.5	0.5	0.5	0.5	0.5	0.5	0.5	0.5	0.5	0.5	0.5	0.5	0.5	0.5	0.5	0.5	0.5	0.5
W/B Tokens	0.5	0.5	0.5	0.5	0.5	0.5	0.5	0.5	0.5	0.5	0.5	0.5	0.5	0.5	0.5	0.5	0.5	0.5	0.5	0.5	0.5	0.5	0.5	0.5	0.5	0.5	0.5	0.5	0.5	0.5	0.5	0.5	0.5	0.5	0.5	0.5	0.14285714285714285	0.5	0.5	0.5	0.5	0.5	0.5	0.5	0.5	0.5	0.5	0.25	0.5	0.5	0.5	0.5	0.3333333333333333	0.5	0.5	0.5	0.5	0.5	0.5	0.5	0.5	0.5	0.5	0.5	0.5	0.5	0.5	0.5	0.5	0.5	0.5	0.5	0.5	0.5	0.25	0.5	0.5	0.5
W/U Control	0.5	0.5	0.5	0.3333333333333333	0.7222222222222222	0.5	0.75	0.5	0.5	0.5	0.4	0.5	0.5555555555555556	0.5	0.5	0.5714285714285714	0.5	0.5	0.5	0.5	0.275	0.5	0.75	0.5	0.3333333333333333	0.5	0.5	0.5	0.5	0.5	0.3333333333333333	0.5	0.6909090909090909	0.6428571428571429	0.543859649122807	0.6153846153846154	0.4367816091954023	0.5	0.3488372093023256	0.6470588235294118	0.5	0.5	0.5	0.5	0.5	0.5	0.5	0.4	0.5	0.5	0.5	0.25	0.43243243243243246	0.6	0.5714285714285714	0.68	0.5	0.5833333333333334	0.6	0.5	0.5	0.45901639344262296	0.26666666666666666	0.5	0.5	0.47560975609756095	0.5	0.2	0.5	0.5	0.5	0.5	0.5	0.5	0.3333333333333333	0.5	0.5	0.6666666666666666
W/U Mentor	0.5	0.5	0.5	0.5	0.5	0.5	0.5	0.5	0.5	0.5	0.5	0.5	0.5	0.5	0.5	0.5	0.5	0.5	0.5	0.5	0.5	0.5	0.5	0.5	0.5	0.5	0.5	0.5	0.5	0.5	0.5	0.5	0.5	0.5	0.5	0.5	0.5	0.5	0.5	0.5	0.5	0.5	0.5	0.5	0.5	0.5	0.5	0.5	0.5	0.5	0.5	0.5	0.5	0.5	0.5	0.5	0.5	0.5	0.5	0.5	0.5	0.5	0.5	0.5	0.5	0.75	0.5	0.5	0.5	0.5	0.5	0.5	0.5	0.5	0.5	0.5	0.5	0.5
W/U/R Other	0.5	0.5	0.5	0.5	0.5	0.5	0.5	0.5	0.5	0.5	0.5	0.5	0.5	0.5	0.5	0.5	0.5	0.5	0.5	0.5	0.5	0.5	0.5	0.5	0.5	0.5	0.5	0.5	0.5	0.5	0.5	0.5	0.3333333333333333	0.5	0.5	0.5	0.5	0.5	0.5	0.5	0.5	0.5	0.5	0.5	0.5	0.5	0.5	0.5	0.5	0.5	0.5	0.5	0.5	0.5	0.5	0.5	0.5	0.75	0.5	0.5	0.5	0.25	0.5	0.5	0.5	0.5	0.5	0.5	0.5	0.5	0.5	0.5	0.5	0.5	0.5	0.5	0.5	0.5
Whir Prison	0.5	0.5	0.5	0.5	0.5333333333333333	0.5	0.5	0.5	0.5	0.5	0.75	0.5	0.7391304347826086	0.5	0.5	0.5	0.5	0.5	0.5	0.5	0.6666666666666666	0.85	0.25	0.5	0.5	0.5	0.5	0.25	0.5	0.5	0.5	0.5	0.6666666666666666	0.8333333333333334	0.5	0.8	0.6909090909090909	0.5	0.2	0.6	0.5	0.5	0.5	0.5	0.5	0.75	0.5	0.5	0.5	0.5	0.5	0.5	0.5	0.8	0.2	0.4117647058823529	0.5	0.4	0.75	0.5	0.5	0.5555555555555556	0.25	0.5	0.25	0.8	0.5	0.5	0.5	0.5	0.75	0.6666666666666666	0.5	0.5	0.5	0.5	0.5	0.5
Zombies	0.5	0.5	0.5	0.5	0.5	0.5	0.5	0.5	0.5	0.5	0.5	0.5	0.5	0.5	0.5	0.5	0.5	0.5	0.5	0.5	0.5	0.5	0.5	0.5	0.5	0.5	0.5	0.5	0.5	0.5	0.5	0.5	0.5	0.5	0.5	0.5	0.5	0.5	0.5	0.5	0.5	0.5	0.5	0.5	0.5	0.5	0.5	0.5	0.5	0.5	0.5	0.5	0.5	0.5	0.5	0.5	0.5	0.5	0.5	0.5	0.5	0.5	0.5	0.5	0.5	0.5	0.5	0.5	0.5	0.5	0.5	0.5	0.5	0.5	0.5	0.5	0.5	0.5
Zoo	0.5	0.5	0.5	0.5	0.75	0.5	0.5	0.5	0.5	0.5	0.5	0.5	0.5	0.5	0.5	0.5	0.5	0.5	0.5	0.5	0.6666666666666666	0.75	0.5	0.5	0.5	0.5	0.5	0.5	0.5	0.5	0.5	0.5	0.5	0.5	0.5	0.5	0.6666666666666666	0.5	0.5	0.5	0.5	0.5	0.5	0.5	0.5	0.5	0.5	0.5	0.5	0.5	0.5	0.5	0.5	0.5	0.5	0.25	0.5	0.75	0.5	0.5	0.5	0.5	0.5	0.5	0.5	0.5	0.5	0.5	0.5	0.5	0.5	0.5	0.5	0.5	0.5	0.5	0.5	0.5
Unknown	0.5	0.5	0.5	0.5	0.5	0.5	0.5	0.5	0.5	0.5	0.5	0.5	0.3333333333333333	0.5	0.5	0.5	0.5	0.5	0.5	0.5	0.6	0.5	0.5	0.5	0.5	0.5	0.5	0.5	0.5	0.5	0.5	0.5	0.6666666666666666	0.5	0.5	0.5	0.2222222222222222	0.5	0.5	0.5	0.5	0.5	0.5	0.5	0.5	0.5	0.5	0.5	0.5	0.5	0.5	0.5	0.2	0.5	0.5	0.3333333333333333	0.5	0.15	0.5	0.5	0.5	0.5	0.5	0.5	0.5	0.16666666666666666	0.5	0.5	0.5	0.5	0.5	0.3333333333333333	0.5	0.5	0.5	0.5	0.5	0.5

