-------------- Sensitivity Sweep Results ---------------
	Analysis performed using 10% Change in baseline parameter values

System Parameters:
dH1	-87325.61
dS1	-6.1568
dH2	-79847.49
dS2	-117.1946
dH3	-88938.66
dS3	-101.1138
dH4	-34673.53
dS4	79.5312
A1	1727.17
E1	70409.04
A2	26.457
E2	48330.623
A3f	0.097438
E3f	1595.34
A3r	0.164
E3r	-4530.22
Z1CuOH_o	0.050158
Z2Cu_o	0.0355518
ZH_o	0.0140659
ZH-ZCu_o	0.0166239
ZH-CuO_o	0.0087223

System Baseline Conditions:
T	423.15
P_O2	0.188292810335608
P_H2O	2.73842147591615
P_NH3	0.001271108296667
aging_time	0.0
T_aging	1073.15
P_O2_aging	9.415
P_H2O_aging	9.415

Sensitivity Matrix for T
-----------------------------
T	dH1	dS1	dH2	dS2	dH3	dS3	dH4	dS4	A1	E1	A2	E2	A3f	E3f	A3r	E3r	Z1CuOH_o	Z2Cu_o	ZH_o	ZH-ZCu_o	ZH-CuO_o
423.15	-1.855311423782734e-06	0.0002598984952640739	-4.974896515642106e-07	0.0007453619783846956	-6.428798950180308e-09	1.4514971560660135e-05	4.160737376320126e-07	-0.0001781259456378312	0.0	0.0	0.0	0.0	0.0	0.0	0.0	-0.0	0.04672911197468395	0.8735231368002346	0.9984232236985047	0.9984232236985107	0.998423223698516
443.15	-1.0703257764714768e-06	0.00013833423110277474	-1.0830288563368924e-06	0.0010175279884815504	-1.9836584844018927e-08	4.4770496960309154e-05	2.126432790211896e-07	-9.363262491881411e-05	0.0	0.0	0.0	0.0	0.0	0.0	0.0	-0.0	0.024340372102300688	0.7126222783563735	0.9950816311946116	0.9950816311946153	0.995081631194614
463.15	-5.844860624792068e-07	7.627273494428595e-05	-1.747412246073829e-06	0.0009134453173259326	-5.509974958398256e-08	0.0001221553913066071	1.1342160329059911e-07	-5.1311847490492325e-05	0.0	0.0	0.0	0.0	0.0	0.0	0.0	-0.0	0.013280511633132342	0.4930750699067356	0.9861761398538966	0.9861761398538909	0.9861761398538904
483.15	-3.180916369719241e-07	4.378983802971841e-05	-2.0421659232200467e-06	0.0006080451683427051	-1.38330823289477e-07	0.00028993837166717057	6.322764920293493e-08	-2.9367370126059032e-05	0.0	0.0	0.0	0.0	0.0	0.0	0.0	-0.0	0.0075839501931360305	0.29191994777498753	0.9648154912089834	0.9648154912089815	0.9648154912089779
503.15	-1.7687130895844332e-07	2.6162572481262487e-05	-1.782237202610558e-06	0.0003455281802313165	-3.1214950324835164e-07	0.0005768257525322801	3.6753998631267965e-08	-1.7516375753070134e-05	0.0	0.0	0.0	0.0	0.0	0.0	0.0	-0.0	0.004518123292634349	0.1575975255485058	0.9191781689792433	0.9191781689792439	0.9191781689792425
523.15	-1.014541723667391e-07	1.6223757337865465e-05	-1.2399397453082868e-06	0.000185563718162331	-6.222285391722615e-07	0.0009173557095861424	2.2203415223867096e-08	-1.0851938989119701e-05	0.0	0.0	0.0	0.0	0.0	0.0	0.0	-0.0	0.002797256732194195	0.08272119678179006	0.834578073444485	0.8345780734444828	0.8345780734444861
543.15	-6.017694096596603e-08	1.0408991379762133e-05	-7.480410737651933e-07	9.944007606859969e-05	-1.066783563660824e-06	0.001132673780894146	1.3890422139565095e-08	-6.95867785641562e-06	0.0	0.0	0.0	0.0	0.0	0.0	0.0	-0.0	0.0017930133772238676	0.043859323277845544	0.7038042517295027	0.7038042517295049	0.7038042517295052
563.15	-3.688303675496887e-08	6.887828281485651e-06	-4.2226173366551676e-07	5.445813093177305e-05	-1.5337226922122406e-06	0.001100022697133067	8.968909706900213e-09	-4.603166431284676e-06	0.0	0.0	0.0	0.0	0.0	0.0	0.0	-0.0	0.0011858012803405097	0.023895359088546172	0.5414083397213155	0.5414083397213159	0.5414083397213165
583.15	-2.3314132251132056e-08	4.687054215124773e-06	-2.3448751745168497e-07	3.074760520645774e-05	-1.8301508463354446e-06	0.0008836768790996915	5.959014513286327e-09	-3.131732294423393e-06	0.0	0.0	0.0	0.0	0.0	0.0	0.0	-0.0	0.0008066339573641907	0.013456048846555322	0.3809603423927305	0.38096034239273313	0.38096034239273124
603.15	-1.5163586165483874e-08	3.2712401673412097e-06	-1.3152489677504015e-07	1.7935541057888322e-05	-1.8292373662904669e-06	0.0006260205563561052	4.062966506684089e-09	-2.1854426540035086e-06	0.0	0.0	0.0	0.0	0.0	0.0	0.0	-0.0	0.0005628472697978005	0.007838149402764845	0.2509116538280978	0.250911653828098	0.2509116538280989
623.15	-1.0124174770712707e-08	2.3361150306778865e-06	-7.540722835583134e-08	1.0801083890320884e-05	-1.5689593391451744e-06	0.0004138223028252722	2.8359763190725846e-09	-1.560569584296675e-06	0.0	0.0	0.0	0.0	0.0	0.0	0.0	-0.0	0.0004018901946998117	0.004716627813648766	0.15936071451206327	0.1593607145120629	0.15936071451206338

Sensitivity Matrix for P_O2
-----------------------------
P_O2	dH1	dS1	dH2	dS2	dH3	dS3	dH4	dS4	A1	E1	A2	E2	A3f	E3f	A3r	E3r	Z1CuOH_o	Z2Cu_o	ZH_o	ZH-ZCu_o	ZH-CuO_o
Skipped this analysis... Spacing between bounds is too small

Sensitivity Matrix for P_H2O
-----------------------------
P_H2O	dH1	dS1	dH2	dS2	dH3	dS3	dH4	dS4	A1	E1	A2	E2	A3f	E3f	A3r	E3r	Z1CuOH_o	Z2Cu_o	ZH_o	ZH-ZCu_o	ZH-CuO_o
2.73842147591615	-1.855311423782734e-06	0.0002598984952640739	-4.974896515642106e-07	0.0007453619783846956	-6.428798950180308e-09	1.4514971560660135e-05	4.160737376320126e-07	-0.0001781259456378312	0.0	0.0	0.0	0.0	0.0	0.0	0.0	-0.0	0.04672911197468395	0.8735231368002346	0.9984232236985047	0.9984232236985107	0.998423223698516
3.5207653341880847	-1.5887148274266457e-06	0.0002062634262719428	-4.974896515642106e-07	0.0007453619783846944	-6.428798950180308e-09	1.4514971560660135e-05	3.283249931174883e-07	-0.0001405759683354029	0.0	0.0	0.0	0.0	0.0	0.0	0.0	-0.0	0.036726865002615905	0.8735231368002346	0.9984232236985146	0.9984232236985107	0.998423223698516
4.3031091924600195	-1.3876582256258104e-06	0.00017096018872879575	-4.974896515642106e-07	0.0007453619783846944	-6.428798950180308e-09	1.4514971560660135e-05	2.711299579745528e-07	-0.00011609589004539552	0.0	0.0	0.0	0.0	0.0	0.0	0.0	-0.0	0.030251589580236833	0.8735231368002346	0.9984232236985146	0.9984232236985107	0.998423223698516
5.085453050731955	-1.2311591465730263e-06	0.000145968324429564	-4.974896515642106e-07	0.0007453619783846944	-6.428798950181868e-09	1.4514971560658763e-05	2.3090094036133711e-07	-9.8875212559878e-05	0.0	0.0	0.0	0.0	0.0	0.0	0.0	-0.0	0.02571738427073787	0.8735231368002346	0.9984232236985146	0.9984232236985191	0.998423223698516
5.867796909003889	-1.1060846656307444e-06	0.00012734810611556566	-4.974896515642106e-07	0.0007453619783846944	-6.428798950180308e-09	1.4514971560660135e-05	2.0106534288067657e-07	-8.610243192868775e-05	0.0	0.0	0.0	0.0	0.0	0.0	0.0	-0.0	0.022365214206018492	0.8735231368002307	0.9984232236985146	0.9984232236985107	0.998423223698516
6.650140767275825	-1.003920832720958e-06	0.00011293928326471523	-4.974896515642106e-07	0.0007453619783846944	-6.428798950180308e-09	1.4514971560660135e-05	1.7805672868482165e-07	-7.625164445984591e-05	0.0	0.0	0.0	0.0	0.0	0.0	0.0	-0.0	0.0197861584459161	0.8735231368002346	0.9984232236985047	0.9984232236985107	0.998423223698516
7.43248462554776	-9.189430879310284e-07	0.00010145868638896157	-4.974896515642106e-07	0.0007453619783846944	-6.428798950181868e-09	1.4514971560658763e-05	1.597727119631364e-07	-6.842320548240218e-05	0.0	0.0	0.0	0.0	0.0	0.0	0.0	-0.0	0.01774041383284266	0.8735231368002346	0.9984232236985146	0.9984232236985191	0.998423223698516
8.214828483819694	-8.471735023692274e-07	9.209623981639804e-05	-4.974896515642088e-07	0.000745361978384695	-6.428798950180308e-09	1.4514971560660135e-05	1.4489370353796665e-07	-6.205237628653967e-05	0.0	0.0	0.0	0.0	0.0	0.0	0.0	-0.0	0.016078059619644564	0.8735231368002307	0.9984232236985047	0.9984232236985107	0.998423223698516
8.99717234209163	-7.857671479209318e-07	8.431537946700859e-05	-4.974896515642123e-07	0.0007453619783846932	-6.428798950181868e-09	1.4514971560658763e-05	1.325496372207023e-07	-5.6766764613161596e-05	0.0	0.0	0.0	0.0	0.0	0.0	0.0	-0.0	0.014700553581060087	0.8735231368002346	0.9984232236985244	0.9984232236985191	0.998423223698516
9.779516200363565	-7.326379056355363e-07	7.774662537261719e-05	-4.974896515642106e-07	0.0007453619783846944	-6.428798950180308e-09	1.4514971560660135e-05	1.2214359122958543e-07	-5.2310866435648955e-05	0.0	0.0	0.0	0.0	0.0	0.0	0.0	-0.0	0.013540459332325259	0.8735231368002307	0.9984232236985146	0.9984232236985107	0.998423223698516
10.5618600586355	-6.862224394717584e-07	7.212725272045541e-05	-4.974896515642088e-07	0.000745361978384695	-6.428798950180308e-09	1.4514971560660135e-05	1.1325240799753732e-07	-4.850354406116496e-05	0.0	0.0	0.0	0.0	0.0	0.0	0.0	-0.0	0.012550070467681897	0.8735231368002307	0.9984232236985047	0.9984232236985107	0.998423223698516

Sensitivity Matrix for P_NH3
-----------------------------
P_NH3	dH1	dS1	dH2	dS2	dH3	dS3	dH4	dS4	A1	E1	A2	E2	A3f	E3f	A3r	E3r	Z1CuOH_o	Z2Cu_o	ZH_o	ZH-ZCu_o	ZH-CuO_o
0.001271108296667	-1.855311423782734e-06	0.0002598984952640739	-4.974896515642106e-07	0.0007453619783846956	-6.428798950180308e-09	1.4514971560660135e-05	4.160737376320126e-07	-0.0001781259456378312	0.0	0.0	0.0	0.0	0.0	0.0	0.0	-0.0	0.04672911197468395	0.8735231368002346	0.9984232236985047	0.9984232236985107	0.998423223698516
0.0109551325160003	-3.0894354766344933e-06	0.0012404194712708795	-6.584705491625894e-08	0.00014511034020066375	-7.470486788891041e-10	1.694441540457598e-06	2.3261010410681907e-06	-0.0009923810173176068	0.0	0.0	0.0	0.0	0.0	0.0	0.0	-0.0	0.29700247839757904	0.9834778644407189	0.9998167935518769	0.9998167935518759	0.9998167935518776
0.0206391567353336	-2.652504930818203e-06	0.0014818561760800738	-3.5252933964741516e-08	8.004243409400578e-05	-3.965654757597587e-10	8.99736927385837e-07	3.098021678318032e-06	-0.0013181197293884524	0.0	0.0	0.0	0.0	0.0	0.0	0.0	-0.0	0.44318867443326565	0.9911616384617913	0.9999027468279456	0.9999027468279389	0.9999027468279293
0.030323180954666896	-2.2645899413416615e-06	0.0015027007080518464	-2.4069538510746244e-08	5.525583947180508e-05	-2.6992720624086757e-10	6.124797470776322e-07	3.4024443565711283e-06	-0.0014444855304794342	0.0	0.0	0.0	0.0	0.0	0.0	0.0	-0.0	0.5390432320554807	0.9939672332092497	0.9999338035871581	0.9999338035871608	0.9999338035871527
0.04000720517400019	-1.9636974091987687e-06	0.0014503015997712123	-1.8272790053427497e-08	4.218964666364083e-05	-2.0459297534281764e-10	4.6425727031626807e-07	3.4910152321326122e-06	-0.0014794318377805355	0.0	0.0	0.0	0.0	0.0	0.0	0.0	-0.0	0.6067422005665978	0.9954208198086468	0.9999498260885619	0.999949826088571	0.999949826088571
0.049691229393333494	-1.729545695435861e-06	0.0013747040235056135	-1.4726220515795392e-08	3.4120830404997354e-05	-1.6472282264598896e-10	3.7379695542994333e-07	3.4735352464891976e-06	-0.0014698183057644094	0.0	0.0	0.0	0.0	0.0	0.0	0.0	-0.0	0.6571022847285243	0.9963099355924575	0.9999596037847902	0.9999596037847867	0.9999596037847891
0.059375253612666795	-1.543725244501714e-06	0.001294611446711398	-1.233258517600029e-08	2.8642748614138254e-05	-1.3785773201090585e-10	3.128401888560243e-07	3.402784062934617e-06	-0.0014380491094366805	0.0	0.0	0.0	0.0	0.0	0.0	0.0	-0.0	0.6960284832398476	0.9969099203999611	0.9999661921305533	0.9999661921305574	0.9999661921305589
0.0690592778320001	-1.3932238895090395e-06	0.0012172252910868859	-1.0608287938523863e-08	2.468028870548236e-05	-1.1852686503668804e-10	2.689769039156561e-07	3.3058341936526406e-06	-0.0013955506394863508	0.0	0.0	0.0	0.0	0.0	0.0	0.0	-0.0	0.7270177826945811	0.9973420834640803	0.9999709327927742	0.9999709327927817	0.9999709327927865
0.0787433020513334	-1.2690759548024177e-06	0.0011451617971282276	-9.307014696096652e-09	2.1680909966292207e-05	-1.0395057212656503e-10	2.3590122213761064e-07	3.19718300145057e-06	-0.0013484029562751626	0.0	0.0	0.0	0.0	0.0	0.0	0.0	-0.0	0.7522730581428831	0.997668197665699	0.9999745074506414	0.9999745074506358	0.9999745074506426
0.0884273262706667	-1.1650250692922914e-06	0.0010791248586025657	-8.290103113213509e-09	1.9331547047921277e-05	-9.25668152647404e-11	2.1006931694267115e-07	3.084794690297365e-06	-0.0012999212125148442	0.0	0.0	0.0	0.0	0.0	0.0	0.0	-0.0	0.7732510112996072	0.9979230321240147	0.9999772991765722	0.9999772991765769	0.9999772991765756
0.09811135049	-1.076612421553477e-06	0.001019015963502811	-7.473523993453579e-09	1.744155682097104e-05	-8.343026305426737e-11	1.8933640194289439e-07	2.973082724347823e-06	-0.0012519250972747617	0.0	0.0	0.0	0.0	0.0	0.0	0.0	-0.0	0.7909534415550973	0.9981276541974008	0.9999795398024062	0.9999795398024067	0.9999795398024014

Sensitivity Matrix for aging_time
-----------------------------
aging_time	dH1	dS1	dH2	dS2	dH3	dS3	dH4	dS4	A1	E1	A2	E2	A3f	E3f	A3r	E3r	Z1CuOH_o	Z2Cu_o	ZH_o	ZH-ZCu_o	ZH-CuO_o
0.0	-1.855311423782734e-06	0.0002598984952640739	-4.974896515642106e-07	0.0007453619783846956	-6.428798950180308e-09	1.4514971560660135e-05	4.160737376320126e-07	-0.0001781259456378312	0.0	0.0	0.0	0.0	0.0	0.0	0.0	-0.0	0.04672911197468395	0.8735231368002346	0.9984232236985047	0.9984232236985107	0.998423223698516
1.6	-1.7780295303205894e-06	0.0002490725780813518	-6.920456150937052e-07	0.0010368547108001876	-3.8579790429844815e-09	8.710562661000324e-06	3.9874243365150796e-07	-0.0001707062153558046	-3.2572184838978197e-07	8.133962772050644e-08	-0.00012370330686434155	3.086749467153807e-07	0.04727768785797803	-5.153200896280605e-07	-0.018882513021960465	3.59284114755128e-07	0.14146089178133314	0.8735231368002346	0.7182992850959387	0.8939627687533412	0.6816282800416974
3.2	-1.734165479847852e-06	0.00024292794890057857	-7.238842822041814e-07	0.0010845568727084402	-3.2171565882703322e-09	7.263710803030206e-06	3.8890544391818715e-07	-0.00016649488707430772	-9.778199115471367e-08	4.9057682955077154e-08	-0.0001751098051926157	4.769324164764964e-07	0.07226395865674065	-7.921210984610538e-07	-0.03207853341380097	6.145649711081067e-07	0.19522923756915952	0.8735231368002346	0.5167686915955982	0.8768680388315644	0.5018201933664027
4.800000000000001	-1.7092688988030638e-06	0.00023944034899262722	-7.290946119467484e-07	0.0010923632294291205	-2.933026622934683e-09	6.622200872739101e-06	3.8332211521295003e-07	-0.00016410459993172543	-2.2075461611821657e-08	2.3737887144751142e-08	-0.00018592599652449067	5.535505785773009e-07	0.08541057207497019	-9.403049264973952e-07	-0.040915189579643525	7.879533018286975e-07	0.2257473489638861	0.8735231368002346	0.371780796882947	0.874070522860068	0.3997638042693287
6.4	-1.695137970604698e-06	0.0002374608392842583	-7.2994727125978e-07	0.0010936407230020056	-2.7456984416059e-09	6.199250451425522e-06	3.8015310108608364e-07	-0.00016274790858826244	-4.4419771352169485e-09	1.078865539168748e-08	-0.0001754916559419903	5.719864971323303e-07	0.09229242843038572	-1.019334842950413e-06	-0.046662550982225715	9.021759755985753e-07	0.24306897397306942	0.8735231368002346	0.2674716235307239	0.8736127153576025	0.3418381194565958
8.0	-1.6871174664484012e-06	0.00023633729908786137	-7.300868071317926e-07	0.0010938497820915602	-2.60698984872198e-09	5.886073558432134e-06	3.783544159169948e-07	-0.00016197787080969017	-8.401737392829498e-10	4.7996671952038345e-09	-0.00015530423946511984	5.549598628845114e-07	0.09587355159238498	-1.061302741596411e-06	-0.05032231013674988	9.757791230161938e-07	0.25290047006658245	0.8735231368002346	0.19242809202080594	0.8735377961394563	0.3089603644163435
9.600000000000001	-1.6825651478732752e-06	0.00023569959442411073	-7.301096418786611e-07	0.0010938839941642112	-2.5027314582083404e-09	5.650678489306937e-06	3.7733350903302717e-07	-0.00016154080884766864	-1.5295776949037997e-10	2.1188742005060507e-09	-0.00013195339633068065	5.177009725835505e-07	0.09772411501950126	-1.0834799450079357e-06	-0.05261560214155216	1.0224222716730756e-06	0.2584806806637806	0.8735231368002307	0.1384392486573959	0.8735255357697292	0.290299440855764
11.200000000000001	-1.6799813197241218e-06	0.00023533764276502302	-7.301133787361249e-07	0.00109388959289669	-2.424824034621543e-09	5.4747787533712986e-06	3.767540575071872e-07	-0.0001612927389945246	-2.7143022707253882e-11	9.327517781030736e-10	-0.00010900904740815429	4.7024638970036194e-07	0.09867248870910278	-1.095132610198102e-06	-0.05403464510847026	1.0515966941431823e-06	0.2616479249990084	0.8735231368002385	0.09959785688023193	0.8735235293864637	0.2797077788731204
12.8	-1.6785147773909837e-06	0.00023513220439993723	-7.301139902648515e-07	0.0010938905091172802	-2.3670688138672187e-09	5.344378752805146e-06	3.7642516946061767e-07	-0.00016115193824454751	-4.730271819539621e-12	4.1017553950542893e-10	-8.822442003142873e-05	4.190566307224012e-07	0.09915363971872096	-1.1012146920199784e-06	-0.05490386696319453	1.0696539911968231e-06	0.2634456056607563	0.8735231368002346	0.07165405180495031	0.8735232010461302	0.27369610945116807
14.4	-1.677682389828524e-06	0.0002350156006469496	-7.301140903402176e-07	0.0010938906590548189	-2.3245396856616974e-09	5.2483562933713445e-06	3.762384975090356e-07	-0.00016107202183817063	-8.134772296196041e-13	1.803032002402312e-10	-7.029343430334605e-05	3.6815200200980984e-07	0.09939472674894409	-1.1043642526193887e-06	-0.05543188823771611	1.0807343787041674e-06	0.26446594240132937	0.8735231368002346	0.05155033753628477	0.8735231473139328	0.27028397551996153
16.0	-1.6772099390587904e-06	0.0002349494180952951	-7.301141067173389e-07	0.0010938906835917764	-2.2933860561483823e-09	5.178017486713162e-06	3.761325452925556e-07	-0.0001610266624774466	-1.3850103261480374e-13	7.924536096777422e-11	-5.532032858608826e-05	3.199066561072214e-07	0.09951363270643417	-1.1059797827906369e-06	-0.05575042059188989	1.087484700207114e-06	0.26504507032227864	0.8735231368002385	0.03708704857805724	0.8735231385207852	0.26834729917478906

Sensitivity Matrix for T_aging
-----------------------------
T_aging	dH1	dS1	dH2	dS2	dH3	dS3	dH4	dS4	A1	E1	A2	E2	A3f	E3f	A3r	E3r	Z1CuOH_o	Z2Cu_o	ZH_o	ZH-ZCu_o	ZH-CuO_o
Skipped this analysis... Spacing between bounds is too small

Sensitivity Matrix for P_O2_aging
-----------------------------
P_O2_aging	dH1	dS1	dH2	dS2	dH3	dS3	dH4	dS4	A1	E1	A2	E2	A3f	E3f	A3r	E3r	Z1CuOH_o	Z2Cu_o	ZH_o	ZH-ZCu_o	ZH-CuO_o
Skipped this analysis... Spacing between bounds is too small

Sensitivity Matrix for P_H2O_aging
-----------------------------
P_H2O_aging	dH1	dS1	dH2	dS2	dH3	dS3	dH4	dS4	A1	E1	A2	E2	A3f	E3f	A3r	E3r	Z1CuOH_o	Z2Cu_o	ZH_o	ZH-ZCu_o	ZH-CuO_o
Skipped this analysis... Spacing between bounds is too small
