-------------- Sensitivity Sweep Results ---------------
	Analysis performed using Finite Differences

System Parameters:
dH1	-87325.61
dS1	-6.1568
dH2	-79847.49
dS2	-117.1946
dH3	-88938.66
dS3	-101.1138
dH4	-34673.53
dS4	79.5312
A1	1727.17
E1	70409.04
A2	26.457
E2	48330.623
A3f	0.097438
E3f	1595.34
A3r	0.164
E3r	-4530.22
Z1CuOH_o	0.050158
Z2Cu_o	0.0355518
ZH_o	0.0140659
ZH-ZCu_o	0.0166239
ZH-CuO_o	0.0087223

System Baseline Conditions:
T	423.15
P_O2	0.188292810335608
P_H2O	2.73842147591615
P_NH3	0.001271108296667
aging_time	0.0
T_aging	1073.15
P_O2_aging	9.415
P_H2O_aging	9.415

Sensitivity Matrix for T
-----------------------------
T	dH1	dS1	dH2	dS2	dH3	dS3	dH4	dS4	A1	E1	A2	E2	A3f	E3f	A3r	E3r	Z1CuOH_o	Z2Cu_o	ZH_o	ZH-ZCu_o	ZH-CuO_o
423.15	-6.360933184623718e-07	0.00026874057948589325	-1.1166557669639587e-06	0.00047242920845746994	-1.862645149230957e-08	7.461756467819214e-06	6.351619958877563e-07	-0.00026874151080846786	0.0	0.0	0.0	0.0	0.0	0.0	0.0	0.0	0.046729112043976784	0.873523136600852	0.9984232224524021	0.9984232224524021	0.9984232224524021
443.15	-3.241002559661865e-07	0.00014327000826597214	-1.9762665033340454e-06	0.0008757170289754868	-5.21540641784668e-08	2.3200176656246185e-05	3.2316893339157104e-07	-0.00014327000826597214	0.0	0.0	0.0	0.0	0.0	0.0	0.0	0.0	0.024340372532606125	0.7126222783699632	0.9950816314667463	0.9950816314667463	0.9950816314667463
463.15	-1.7043203115463257e-07	7.905717939138412e-05	-2.3068860173225403e-06	0.00106882955878973	-1.3969838619232178e-07	6.462540477514267e-05	1.708976924419403e-07	-7.905624806880951e-05	0.0	0.0	0.0	0.0	0.0	0.0	0.0	0.0	0.01328051183372736	0.4930750699713826	0.9861761406064034	0.9861761406064034	0.9861761406064034
483.15	-9.406358003616333e-08	4.5406632125377655e-05	-1.8291175365447998e-06	0.0008838893845677376	-3.3294782042503357e-07	0.0001609218306839466	9.406358003616333e-08	-4.5406632125377655e-05	0.0	0.0	0.0	0.0	0.0	0.0	0.0	0.0	0.00758395018056035	0.2919199480675161	0.9648154908791184	0.9648154908791184	0.9648154908791184
503.15	-5.4016709327697754e-08	2.7134548872709274e-05	-1.1278316378593445e-06	0.0005677021108567715	-7.003545761108398e-07	0.0003521661274135113	5.4016709327697754e-08	-2.7134548872709274e-05	0.0	0.0	0.0	0.0	0.0	0.0	0.0	0.0	0.004518123343586922	0.15759752551093698	0.9191781687550247	0.9191781687550247	0.9191781687550247
523.15	-3.213062882423401e-08	1.682853326201439e-05	-6.19795173406601e-07	0.0003244667313992977	-1.2507662177085876e-06	0.0006544548086822033	3.213062882423401e-08	-1.682853326201439e-05	0.0	0.0	0.0	0.0	0.0	0.0	0.0	0.0	0.00279725668951869	0.08272119704633951	0.8345780735835433	0.8345780735835433	0.8345780735835433
543.15	-2.0023435354232788e-08	1.0797753930091858e-05	-3.2992102205753326e-07	0.00017932266928255558	-1.8200371414422989e-06	0.000988212414085865	1.979060471057892e-08	-1.0797753930091858e-05	0.0	0.0	0.0	0.0	0.0	0.0	0.0	0.0	0.0017930134199559689	0.04385932325385511	0.7038042517378926	0.7038042517378926	0.7038042517378926
563.15	-1.280568540096283e-08	7.145339623093605e-06	-1.7695128917694092e-07	9.973812848329544e-05	-2.0901206880807877e-06	0.0011769847478717566	1.257285475730896e-08	-7.145339623093605e-06	0.0	0.0	0.0	0.0	0.0	0.0	0.0	0.0	0.0011858013458549976	0.023895359132438898	0.541408339748159	0.541408339748159	0.541408339748159
583.15	-8.381903171539307e-09	4.862435162067413e-06	-9.73232090473175e-08	5.6765624321997166e-05	-1.9170111045241356e-06	0.001117938430979848	8.265487849712372e-09	-4.862435162067413e-06	0.0	0.0	0.0	0.0	0.0	0.0	0.0	0.0	0.0008066339651122689	0.013456048793159425	0.3809603424742818	0.3809603424742818	0.3809603424742818
603.15	-5.587935447692871e-09	3.3937394618988037e-06	-5.51808625459671e-08	3.3254269510507584e-05	-1.4763791114091873e-06	0.0008909915341064334	5.704350769519806e-09	-3.3937394618988037e-06	0.0	0.0	0.0	0.0	0.0	0.0	0.0	0.0	0.0005628472426906228	0.007838149438612163	0.25091165385674685	0.25091165385674685	0.25091165385674685
623.15	-3.899913281202316e-09	2.4235923774540424e-06	-3.2188836485147476e-08	2.007384318858385e-05	-1.0183430276811123e-06	0.0006350540206767619	3.899913281202316e-09	-2.4235923774540424e-06	0.0	0.0	0.0	0.0	0.0	0.0	0.0	0.0	0.00040189019637182355	0.004716627823654562	0.15936071454780176	0.15936071454780176	0.15936071454780176

Sensitivity Matrix for P_O2
-----------------------------
P_O2	dH1	dS1	dH2	dS2	dH3	dS3	dH4	dS4	A1	E1	A2	E2	A3f	E3f	A3r	E3r	Z1CuOH_o	Z2Cu_o	ZH_o	ZH-ZCu_o	ZH-CuO_o
Skipped this analysis... Spacing between bounds is too small

Sensitivity Matrix for P_H2O
-----------------------------
P_H2O	dH1	dS1	dH2	dS2	dH3	dS3	dH4	dS4	A1	E1	A2	E2	A3f	E3f	A3r	E3r	Z1CuOH_o	Z2Cu_o	ZH_o	ZH-ZCu_o	ZH-CuO_o
2.73842147591615	-6.360933184623718e-07	0.00026874057948589325	-1.1166557669639587e-06	0.00047242920845746994	-1.862645149230957e-08	7.461756467819214e-06	6.351619958877563e-07	-0.00026874151080846786	0.0	0.0	0.0	0.0	0.0	0.0	0.0	0.0	0.046729112043976784	0.873523136600852	0.9984232224524021	0.9984232224524021	0.9984232224524021
3.5207653341880847	-5.047768354415894e-07	0.00021343398839235306	-1.1166557669639587e-06	0.00047242920845746994	-1.7695128917694092e-08	7.462687790393829e-06	5.038455128669739e-07	-0.00021343398839235306	0.0	0.0	0.0	0.0	0.0	0.0	0.0	0.0	0.036726864986121655	0.8735231375321746	0.9984232233837247	0.9984232233837247	0.9984232233837247
4.3031091924600195	-4.1816383600234985e-07	0.0001769857481122017	-1.1166557669639587e-06	0.00047242920845746994	-1.7695128917694092e-08	7.462687790393829e-06	4.1816383600234985e-07	-0.0001769857481122017	0.0	0.0	0.0	0.0	0.0	0.0	0.0	0.0	0.030251589603722095	0.8735231375321746	0.9984232233837247	0.9984232233837247	0.9984232233837247
5.085453050731955	-3.5762786865234375e-07	0.0001511611044406891	-1.1157244443893433e-06	0.00047243013978004456	-1.7695128917694092e-08	7.462687790393829e-06	3.5762786865234375e-07	-0.0001511620357632637	0.0	0.0	0.0	0.0	0.0	0.0	0.0	0.0	0.025717384181916714	0.873523136600852	0.9984232233837247	0.9984232233837247	0.9984232233837247
5.867796909003889	-3.119930624961853e-07	0.00013191066682338715	-1.1166557669639587e-06	0.00047242920845746994	-1.7695128917694092e-08	7.462687790393829e-06	3.119930624961853e-07	-0.00013191066682338715	0.0	0.0	0.0	0.0	0.0	0.0	0.0	0.0	0.022365213371813297	0.873523136600852	0.9984232233837247	0.9984232233837247	0.9984232233837247
6.650140767275825	-2.775341272354126e-07	0.00011700764298439026	-1.1166557669639587e-06	0.00047242920845746994	-1.862645149230957e-08	7.461756467819214e-06	2.7567148208618164e-07	-0.00011700764298439026	0.0	0.0	0.0	0.0	0.0	0.0	0.0	0.0	0.019786158576607704	0.873523136600852	0.9984232224524021	0.9984232224524021	0.9984232224524021
7.43248462554776	-2.4866312742233276e-07	0.00010512862354516983	-1.1157244443893433e-06	0.00047243013978004456	-1.7695128917694092e-08	7.462687790393829e-06	2.477318048477173e-07	-0.00010512862354516983	0.0	0.0	0.0	0.0	0.0	0.0	0.0	0.0	0.017740413546562195	0.873523136600852	0.9984232233837247	0.9984232233837247	0.9984232233837247
8.214828483819694	-2.2631138563156128e-07	9.543821215629578e-05	-1.1166557669639587e-06	0.00047242920845746994	-1.862645149230957e-08	7.461756467819214e-06	2.253800630569458e-07	-9.543914347887039e-05	0.0	0.0	0.0	0.0	0.0	0.0	0.0	0.0	0.016078058630228043	0.873523136600852	0.9984232224524021	0.9984232224524021	0.9984232224524021
8.99717234209163	-2.0582228899002075e-07	8.738413453102112e-05	-1.1157244443893433e-06	0.00047243013978004456	-1.6763806343078613e-08	7.463619112968445e-06	2.0675361156463623e-07	-8.73832032084465e-05	0.0	0.0	0.0	0.0	0.0	0.0	0.0	0.0	0.014700554311275482	0.8735231375321746	0.9984232243150473	0.9984232243150473	0.9984232243150473
9.779516200363565	-1.909211277961731e-07	8.058268576860428e-05	-1.1166557669639587e-06	0.00047242920845746994	-1.7695128917694092e-08	7.462687790393829e-06	1.909211277961731e-07	-8.058268576860428e-05	0.0	0.0	0.0	0.0	0.0	0.0	0.0	0.0	0.013540458865463734	0.873523136600852	0.9984232233837247	0.9984232233837247	0.9984232233837247
10.5618600586355	-1.7695128917694092e-07	7.476285099983215e-05	-1.1166557669639587e-06	0.00047242920845746994	-1.862645149230957e-08	7.461756467819214e-06	1.7601996660232544e-07	-7.476471364498138e-05	0.0	0.0	0.0	0.0	0.0	0.0	0.0	0.0	0.012550069950520992	0.873523136600852	0.9984232224524021	0.9984232224524021	0.9984232224524021

Sensitivity Matrix for P_NH3
-----------------------------
P_NH3	dH1	dS1	dH2	dS2	dH3	dS3	dH4	dS4	A1	E1	A2	E2	A3f	E3f	A3r	E3r	Z1CuOH_o	Z2Cu_o	ZH_o	ZH-ZCu_o	ZH-CuO_o
0.001271108296667	-6.360933184623718e-07	0.00026874057948589325	-1.1166557669639587e-06	0.00047242920845746994	-1.862645149230957e-08	7.461756467819214e-06	6.351619958877563e-07	-0.00026874151080846786	0.0	0.0	0.0	0.0	0.0	0.0	0.0	0.0	0.046729112043976784	0.873523136600852	0.9984232224524021	0.9984232224524021	0.9984232224524021
0.0109551325160003	-2.9793009161949158e-06	0.0012596333399415016	-1.6391277313232422e-07	6.9483183324337e-05	-1.862645149230957e-09	8.689239621162415e-07	2.975575625896454e-06	-0.0012596333399415016	0.0	0.0	0.0	0.0	0.0	0.0	0.0	0.0	0.2970024785026908	0.9834778644144535	0.9998167930170894	0.9998167930170894	0.9998167930170894
0.0206391567353336	-3.520399332046509e-06	0.001488768495619297	-8.847564458847046e-08	3.745965659618378e-05	-9.313225746154785e-10	4.6100467443466187e-07	3.5176053643226624e-06	-0.001488768495619297	0.0	0.0	0.0	0.0	0.0	0.0	0.0	0.0	0.4431886738166213	0.9911616379395127	0.9999027466401458	0.9999027466401458	0.9999027466401458
0.030323180954666896	-3.5446137189865112e-06	0.001499042846262455	-6.146728992462158e-08	2.5641173124313354e-05	-9.313225746154785e-10	3.1385570764541626e-07	3.541819751262665e-06	-0.001499042846262455	0.0	0.0	0.0	0.0	0.0	0.0	0.0	0.0	0.5390432318672538	0.9939672332257032	0.9999338034540415	0.9999338034540415	0.9999338034540415
0.04000720517400019	-3.4049153327941895e-06	0.0014395006000995636	-4.6566128730773926e-08	1.9490718841552734e-05	0.0	2.384185791015625e-07	3.4011900424957275e-06	-0.0014395006000995636	0.0	0.0	0.0	0.0	0.0	0.0	0.0	0.0	0.6067422013729811	0.9954208191484213	0.9999498259276152	0.9999498259276152	0.9999498259276152
0.049691229393333494	-3.214925527572632e-06	0.0013593398034572601	-3.725290298461914e-08	1.5720725059509277e-05	0.0	1.9185245037078857e-07	3.213062882423401e-06	-0.0013593398034572601	0.0	0.0	0.0	0.0	0.0	0.0	0.0	0.0	0.6571022849529982	0.9963099360466003	0.9999596048146486	0.9999596048146486	0.9999596048146486
0.059375253612666795	-3.0174851417541504e-06	0.0012764111161231995	-3.073364496231079e-08	1.3172626495361328e-05	0.0	1.601874828338623e-07	3.0156224966049194e-06	-0.0012764092534780502	0.0	0.0	0.0	0.0	0.0	0.0	0.0	0.0	0.696028484031558	0.9969099201261997	0.9999661920592189	0.9999661920592189	0.9999661920592189
0.0690592778320001	-2.8312206268310547e-06	0.00119731854647398	-2.7008354663848877e-08	1.1335127055644989e-05	-9.313225746154785e-10	1.3783574104309082e-07	2.8293579816818237e-06	-0.00119731854647398	0.0	0.0	0.0	0.0	0.0	0.0	0.0	0.0	0.7270177835598588	0.9973420836031437	0.9999709324911237	0.9999709324911237	0.9999709324911237
0.0787433020513334	-2.6579946279525757e-06	0.0011242926120758057	-2.2351741790771484e-08	9.948387742042542e-06	0.0	1.210719347000122e-07	2.6561319828033447e-06	-0.0011242926120758057	0.0	0.0	0.0	0.0	0.0	0.0	0.0	0.0	0.7522730585187674	0.9976681973785162	0.9999745078384876	0.9999745078384876	0.9999745078384876
0.0884273262706667	-2.5015324354171753e-06	0.0010577812790870667	-2.0489096641540527e-08	8.862465620040894e-06	-9.313225746154785e-10	1.0710209608078003e-07	2.4996697902679443e-06	-0.0010577812790870667	0.0	0.0	0.0	0.0	0.0	0.0	0.0	0.0	0.773251011967659	0.9979230314493179	0.9999772980809212	0.9999772980809212	0.9999772980809212
0.09811135049	-2.359040081501007e-06	0.0009975256398320198	-1.862645149230957e-08	7.991679012775421e-06	-9.313225746154785e-10	9.592622518539429e-08	2.357177436351776e-06	-0.0009975256398320198	0.0	0.0	0.0	0.0	0.0	0.0	0.0	0.0	0.7909534415230155	0.9981276541948318	0.9999795397743583	0.9999795397743583	0.9999795397743583

Sensitivity Matrix for aging_time
-----------------------------
aging_time	dH1	dS1	dH2	dS2	dH3	dS3	dH4	dS4	A1	E1	A2	E2	A3f	E3f	A3r	E3r	Z1CuOH_o	Z2Cu_o	ZH_o	ZH-ZCu_o	ZH-CuO_o
0.0	-6.360933184623718e-07	0.00026874057948589325	-1.1166557669639587e-06	0.00047242920845746994	-1.862645149230957e-08	7.461756467819214e-06	6.351619958877563e-07	-0.00026874151080846786	0.0	0.0	0.0	0.0	0.0	0.0	0.0	0.0	0.046729112043976784	0.873523136600852	0.9984232224524021	0.9984232224524021	0.9984232224524021
1.6	-6.081536412239075e-07	0.00025754794478416443	-1.5525147318840027e-06	0.0006571859121322632	-1.0244548320770264e-08	4.478730261325836e-06	6.09084963798523e-07	-0.0002575460821390152	-3.557652235031128e-07	6.891787052154541e-08	-0.00012575089931488037	3.734603524208069e-07	0.04755957331508398	-5.187466740608215e-07	-0.01924352254718542	3.5390257835388184e-07	0.14146089274436235	0.873523136600852	0.7182992855086923	0.8939627688378096	0.681628281250596
3.2	-5.941838026046753e-07	0.000251193530857563	-1.6242265701293945e-06	0.0006874203681945801	-8.381903171539307e-09	3.734603524208069e-06	5.932524800300598e-07	-0.000251193530857563	-1.1641532182693481e-07	2.3283064365386963e-08	-0.0001809392124414444	5.364418029785156e-07	0.07304361369460821	-7.972121238708496e-07	-0.033166139386594296	6.100162863731384e-07	0.19522923789918423	0.8735231375321746	0.516768692061305	0.8768680393695831	0.5018201936036348
4.800000000000001	-5.848705768585205e-07	0.0002475874498486519	-1.6354024410247803e-06	0.0006923684850335121	-7.450580596923828e-09	3.4049153327941895e-06	5.85801899433136e-07	-0.00024758651852607727	-2.7939677238464355e-08	5.587935447692871e-09	-0.0001952601596713066	5.792826414108276e-07	0.08665088657289743	-9.471550583839417e-07	-0.04277132451534271	7.860362529754639e-07	0.2257473487406969	0.873523136600852	0.37178079690784216	0.8740705233067274	0.3997638048604131
6.4	-5.802139639854431e-07	0.00024554040282964706	-1.6381964087486267e-06	0.000693177804350853	-7.450580596923828e-09	3.187917172908783e-06	5.802139639854431e-07	-0.00024553947150707245	-5.587935447692871e-09	1.862645149230957e-09	-0.00018730200827121735	5.559995770454407e-07	0.09388770163059235	-1.0253861546516418e-06	-0.04918963275849819	9.043142199516296e-07	0.24306897446513176	0.873523136600852	0.2674716245383024	0.8736127158626914	0.3418381195515394
8.0	-5.783513188362122e-07	0.00024437718093395233	-1.6391277313232422e-06	0.0006933100521564484	-7.450580596923828e-09	3.0258670449256897e-06	5.774199962615967e-07	-0.00024437904357910156	-1.862645149230957e-09	0.0	-0.00016844086349010468	4.991888999938965e-07	0.09771909471601248	-1.0672956705093384e-06	-0.053381169214844704	9.806826710700989e-07	0.2529004691168666	0.873523136600852	0.19242809154093266	0.8735377956181765	0.3089603642001748
9.600000000000001	-5.764886736869812e-07	0.0002437187358736992	-1.6381964087486267e-06	0.0006933314725756645	-7.450580596923828e-09	2.9047951102256775e-06	5.755573511123657e-07	-0.0002437187358736992	0.0	0.0	-0.00014541763812303543	4.3120235204696655e-07	0.09973701927810907	-1.0896474123001099e-06	-0.05607159715145826	1.0300427675247192e-06	0.2584806811064482	0.873523136600852	0.13843924831598997	0.8735255356878042	0.2902994407340884
11.200000000000001	-5.755573511123657e-07	0.00024334434419870377	-1.6381964087486267e-06	0.0006933361291885376	-7.450580596923828e-09	2.814456820487976e-06	5.746260285377502e-07	-0.00024334434419870377	0.0	0.0	-0.00012205541133880615	3.6135315895080566e-07	0.10079341195523739	-1.1008232831954956e-06	-0.05777537729591131	1.0617077350616455e-06	0.26164792478084564	0.8735231375321746	0.09959785640239716	0.8735235286876559	0.27970777824521065
12.8	-5.746260285377502e-07	0.00024313200265169144	-1.6381964087486267e-06	0.0006933361291885376	-6.51925802230835e-09	2.7478672564029694e-06	5.746260285377502e-07	-0.00024313200265169144	0.0	0.0	-0.00010035466402769089	2.980232238769531e-07	0.10134251741692424	-1.107342541217804e-06	-0.05884272791445255	1.0812655091285706e-06	0.2634456055238843	0.873523136600852	0.07165405200794339	0.8735232008621097	0.2736961096525192
14.4	-5.746260285377502e-07	0.00024301139637827873	-1.6381964087486267e-06	0.0006933361291885376	-6.51925802230835e-09	2.6980414986610413e-06	5.741603672504425e-07	-0.00024301186203956604	0.0	0.0	-8.122343569993973e-05	2.407468855381012e-07	0.10162552539259195	-1.1101365089416504e-06	-0.05950547568500042	1.0938383638858795e-06	0.26446594251319766	0.8735231370665133	0.051550337579101324	0.8735231468454003	0.2702839756384492
16.0	-5.746260285377502e-07	0.0002429434098303318	-1.6381964087486267e-06	0.0006933365948498249	-6.51925802230835e-09	2.6621855795383453e-06	5.741603672504425e-07	-0.0002429434098303318	0.0	0.0	-6.492761895060539e-05	1.9278377294540405e-07	0.10176989249885082	-1.1119991540908813e-06	-0.05991395749151707	1.1008232831954956e-06	0.2650450700893998	0.8735231370665133	0.03708704840391874	0.8735231389291584	0.26834729919210076

Sensitivity Matrix for T_aging
-----------------------------
T_aging	dH1	dS1	dH2	dS2	dH3	dS3	dH4	dS4	A1	E1	A2	E2	A3f	E3f	A3r	E3r	Z1CuOH_o	Z2Cu_o	ZH_o	ZH-ZCu_o	ZH-CuO_o
Skipped this analysis... Spacing between bounds is too small

Sensitivity Matrix for P_O2_aging
-----------------------------
P_O2_aging	dH1	dS1	dH2	dS2	dH3	dS3	dH4	dS4	A1	E1	A2	E2	A3f	E3f	A3r	E3r	Z1CuOH_o	Z2Cu_o	ZH_o	ZH-ZCu_o	ZH-CuO_o
Skipped this analysis... Spacing between bounds is too small

Sensitivity Matrix for P_H2O_aging
-----------------------------
P_H2O_aging	dH1	dS1	dH2	dS2	dH3	dS3	dH4	dS4	A1	E1	A2	E2	A3f	E3f	A3r	E3r	Z1CuOH_o	Z2Cu_o	ZH_o	ZH-ZCu_o	ZH-CuO_o
Skipped this analysis... Spacing between bounds is too small
