3
0
273.15
12
0.110619	0.083470
0.995575	0.147300
4.977876	0.378069
9.845133	0.603928
19.800885	1.099836
29.867257	1.561375
39.933628	1.973813
49.889381	2.366612
59.955752	2.725041
70.022124	3.078560
90.044248	3.697218
99.889381	3.977087
283.15
12
0.110619	0.073650
1.106195	0.112930
5.088496	0.294599
9.955752	0.476268
20.022124	0.869067
29.867257	1.232406
40.044248	1.581015
49.778761	1.895254
59.734513	2.194763
69.911504	2.494272
89.823009	3.019640
99.668142	3.265139
298.15
11
0.110619	0.009820
5.088496	0.152209
9.845133	0.274959
19.911504	0.545008
30.088496	0.800327
39.823009	1.036007
49.778761	1.266776
59.845133	1.482815
69.911504	1.698854
90.044248	2.091653
99.668142	2.278232