4	
21	
298.15	
22	
0.000165483	2.77
0.000306379	2.75
0.00044922	5.00
0.000939259	10.40
0.001151145	9.38
0.003638868	13.94
0.00396824	14.40
0.006521979	14.85
0.013077895	15.65
0.014635157	15.69
0.029724197	16.40
0.036684242	16.65
0.052578139	17.15
0.079914303	17.25
0.097067858	17.95
0.154318748	18.50
0.285372324	18.95
0.393517158	18.90
0.410700343	19.35
0.694159412	19.73
0.876477851	19.60
1.258560566	20.30
313.15	
28	
0.000589636	2.75
0.001063584	3.70
0.001351836	4.2
0.001543464	4.6
0.002026619	6.50
0.0030935	6.2
0.005208495	9.90
0.006444789	10.5
0.006828155	12.10
0.009152856	12.25
0.016181417	13.4
0.020715563	13.90
0.034453006	15.03
0.073869397	15.55
0.073869397	15.55
0.089837258	16.36
0.092488699	15.81
0.132899962	16.35
0.166173926	16.50
0.230552766	16.91
0.328275357	17.37
0.336946788	16.95
0.454767688	17.73
0.604056193	18.00
0.933032897	18.25
1.233548562	18.80
1.46563959	18.74
2.166703229	19.2
333.15	
44	
0.001145056	2.00
0.001382153	2.35
0.002111213	2.50
0.002955163	3.07
0.004220212	3.22
0.007086762	4.50
0.008082064	5.00
0.008190817	3.65
0.012218589	6.32
0.013681437	8.43
0.018806115	7.20
0.020172754	9.36
0.029327435	9.45
0.030360945	11.42
0.032689888	11.20
0.037343319	10.45
0.042317307	11.55
0.052578139	12.90
0.053654228	12.58
0.062393829	13.85
0.062628111	12.72
0.075339908	13.41
0.092295213	13.80
0.092488699	14.60
0.108919421	14.35
0.120934695	14.50
0.12288699	14.50
0.135419469	15.10
0.177225184	15.06
0.222440591	15.30
0.246515845	15.55
0.292441572	15.50
0.298194456	15.72
0.376992236	16.36
0.450937185	16.20
0.653555991	16.35
0.756141916	16.78
0.933032897	16.80
0.933032897	16.80
1.161121117	18.10
1.345192045	17.20
1.946679809	17.20
1.996604735	17.65
2.221091117	17.50
353.15	
28	
0.002431603	1.53
0.003016674	1.87
0.003016674	1.92
0.004542148	2.45
0.012218589	3.40
0.013077895	3.55
0.013836293	3.45
0.020172754	4.65
0.03133967	5.80
0.046933078	7.30
0.051001185	7.80
0.077004321	10.55
0.089837258	10.00
0.113155757	11.00
0.136695569	11.84
0.138988756	11.60
0.18216417	12.80
0.268215855	13.05
0.277922885	13.80
0.400310143	14.38
0.410082357	14.30
0.627570035	15.10
0.865974011	14.95
0.952588422	15.50
1.327457325	15.86
2.009477638	15.50
2.047649237	16.30
2.400342759	15.85